251	145
131	403
310	80
267	298
306	63
306	35
47	476
168	260
274	173
338	175
358	152
392	419
321	125
306	298
174	242
505	392
562	492
393	183
320	514
335	86
297	84
504	456
158	294
308	38
349	262
309	73
297	38
416	421
481	360
248	282
390	242
387	446
325	294
291	183
295	295
498	489
273	287
272	121
277	303
304	234
271	139
239	174
330	265
492	349
109	390
409	371
185	344
340	210
192	203
425	239
295	248
320	248
305	30
295	351
393	221
404	420
272	503
260	128
213	274
309	54
260	305
328	101
206	411
276	461
341	507
292	80
314	64
342	207
297	28
507	439
410	444
383	206
518	487
183	222
395	337
212	235
245	151
300	61
118	411
356	271
380	513
296	191
286	84
520	494
361	313
338	367
357	109
293	61
277	46
279	38
389	262
305	43
262	204
295	57
295	14
20	512
299	4
506	506
198	339
368	142
357	117
313	183
226	319
265	431
315	32
573	501
291	191
281	154
113	415
360	208
299	53
379	321
300	19
448	357
224	434
328	244
307	45
207	211
259	150
50	510
552	443
279	231
303	285
25	501
282	365
186	347
288	23
289	242
123	403
392	349
340	304
213	436
319	112
129	324
275	73
243	391
169	504
342	74
334	227
301	22
50	464
294	490
479	448
229	433
390	165
328	190
297	69
356	327
300	156
235	179
245	202
338	142
524	517
291	17
255	469
303	39
288	177
292	304
209	394
375	349
216	358
352	278
364	138
300	11
217	364
202	319
450	261
195	222
202	280
279	295
232	170
311	47
267	68
299	267
295	203
435	306
324	229
295	28
366	468
77	393
302	158
170	327
324	511
387	291
278	61
85	397
329	154
390	322
318	56
292	28
412	271
412	488
305	465
324	164
320	413
168	466
361	384
260	351
358	148
421	344
409	414
215	509
215	384
307	85
310	27
356	119
457	407
289	41
309	399
284	41
276	469
329	141
313	207
470	516
437	283
212	413
368	353
259	217
272	264
293	274
333	326
108	492
298	38
525	512
240	425
107	468
293	230
405	423
415	244
297	10
355	115
310	294
205	232
299	138
167	262
286	48
302	316
419	517
253	109
331	90
390	223
377	258
356	99
283	80
354	133
309	75
329	423
213	261
301	34
131	431
242	117
318	161
384	167
303	154
270	205
308	20
523	408
131	399
349	231
276	351
437	517
389	233
226	424
183	493
51	513
315	481
321	73
224	248
205	259
297	310
330	80
225	472
334	251
466	483
336	351
265	102
201	210
295	207
303	33
434	326
239	151
383	148
415	326
365	160
408	453
202	376
244	380
528	459
356	167
476	366
290	231
144	468
228	146
380	254
247	261
509	445
247	318
300	2
400	205
202	429
449	435
544	429
276	75
306	47
286	64
454	345
110	430
307	65
223	164
148	465
102	433
307	319
171	251
228	182
252	470
490	407
416	358
306	19
120	470
165	355
399	205
379	270
464	423
273	243
219	153
340	112
459	287
186	458
413	198
282	126
138	312
272	208
310	38
138	344
208	174
209	161
300	12
271	168
296	134
276	244
354	138
396	271
451	380
200	242
397	235
221	218
316	362
268	217
399	341
342	117
290	35
234	384
294	33
360	128
264	316
304	202
366	209
378	448
284	132
463	349
358	511
170	268
407	215
355	301
386	358
305	128
403	310
278	106
294	348
311	472
353	325
564	474
409	266
388	390
278	58
266	482
394	465
406	210
296	10
417	429
303	33
193	336
390	296
305	10
261	166
291	256
336	212
352	387
289	157
168	504
255	423
189	260
385	150
290	36
313	119
227	290
285	105
215	172
221	231
286	86
297	8
362	279
345	229
241	158
479	455
280	57
297	85
352	224
496	377
240	350
243	105
246	134
403	483
310	498
284	185
567	468
121	486
370	123
320	476
241	367
303	15
300	4
409	489
246	145
255	422
285	244
355	462
349	88
249	196
125	370
315	113
402	373
284	118
224	200
446	385
304	74
302	8
337	147
384	376
142	289
204	445
359	371
284	128
305	25
239	150
94	454
300	73
366	191
275	245
32	502
470	459
303	428
99	355
304	14
385	254
421	355
471	429
385	216
307	67
336	447
197	204
82	384
278	141
274	65
126	369
379	248
485	449
104	461
355	196
457	339
304	158
300	1
194	229
355	267
353	99
303	125
275	386
265	443
236	307
181	351
247	293
290	212
549	463
230	367
495	356
394	183
368	280
294	222
237	391
354	248
386	389
338	233
528	432
374	322
159	400
311	113
415	482
290	514
187	432
271	216
127	443
348	436
460	315
301	9
266	393
422	330
446	410
288	35
247	208
418	325
210	262
387	288
423	427
273	288
305	165
403	262
386	339
194	285
44	454
305	246
307	130
261	460
484	406
319	40
353	93
211	417
256	202
260	370
325	217
306	242
379	205
277	288
345	417
321	136
281	47
344	86
385	397
25	498
411	202
439	272
385	364
240	142
457	281
327	276
313	86
226	152
61	423
189	403
326	80
238	109
418	287
149	273
233	210
380	190
268	68
534	431
40	513
477	353
313	138
458	296
392	423
190	306
315	28
219	268
548	449
441	391
199	222
302	8
283	212
313	290
262	195
349	209
242	305
233	357
230	187
370	330
192	275
234	133
196	405
118	326
350	255
95	360
327	407
261	347
275	89
292	16
499	403
130	324
300	380
186	474
374	218
296	70
323	57
374	301
296	86
293	75
301	341
136	292
585	498
506	367
366	262
318	49
479	363
178	230
334	241
331	93
206	392
405	476
496	371
232	145
228	195
122	405
228	395
287	55
296	47
487	369
250	150
290	159
301	15
432	447
312	501
206	428
365	150
348	229
299	169
305	86
323	54
426	336
326	62
261	82
179	442
305	190
358	158
394	368
301	46
370	492
275	177
481	384
345	89
408	233
431	392
431	252
305	15
234	156
547	504
283	254
202	222
287	50
300	2
337	164
324	119
284	313
502	360
413	435
516	511
348	111
279	166
257	136
275	285
545	514
313	259
300	106
276	382
344	430
95	498
325	79
286	42
278	41
291	47
461	343
191	515
120	364
325	349
132	494
307	195
204	173
300	4
303	112
183	216
245	232
343	230
308	198
456	318
422	232
115	370
417	448
313	355
284	251
188	364
81	405
235	448
283	51
115	333
335	76
183	212
311	403
422	425
99	377
292	129
340	426
398	241
354	462
345	100
252	114
241	377
445	340
279	372
250	229
384	214
156	381
21	503
193	261
251	160
207	206
365	157
139	406
266	164
281	99
375	337
359	371
180	489
291	99
309	131
148	331
459	309
217	162
277	54
573	502
287	222
499	414
256	494
292	258
400	306
252	304
319	48
157	419
542	458
289	355
268	168
381	267
135	383
282	34
311	41
186	300
367	487
303	183
223	382
224	195
410	339
428	243
323	80
267	419
326	399
228	152
389	223
357	135
286	425
300	186
262	372
133	515
315	106
303	400
489	485
302	247
329	53
453	487
327	165
180	376
259	437
328	134
291	78
430	283
291	513
307	64
380	197
410	455
303	22
306	76
124	441
359	225
387	181
322	51
344	341
270	119
227	181
267	399
129	516
410	280
410	319
399	264
234	488
306	30
310	151
300	1
126	479
306	15
194	321
348	219
274	63
365	459
279	88
258	179
221	182
274	100
71	464
253	496
318	89
308	113
307	302
253	423
264	296
321	273
252	111
296	483
236	128
295	17
477	330
323	166
186	409
313	178
392	254
366	496
263	237
32	492
198	420
282	77
338	90
146	440
347	180
272	70
388	291
414	359
379	448
44	514
294	138
420	394
449	342
341	196
44	455
119	326
303	54
87	466
368	326
410	229
317	153
399	338
380	185
130	386
268	73
318	59
209	500
262	126
343	293
302	400
315	350
298	33
385	365
349	371
390	203
373	332
436	264
258	87
407	187
375	311
495	430
279	54
22	487
227	267
259	199
360	215
559	513
319	429
297	168
363	235
179	513
243	210
251	345
325	47
301	9
284	433
300	2
294	46
492	392
413	355
102	459
457	292
350	117
235	284
271	99
249	191
582	516
259	423
152	264
472	390
183	351
278	52
300	35
259	488
288	44
208	180
227	130
287	35
187	319
286	54
288	143
185	468
175	291
334	141
235	434
219	238
346	193
349	445
341	164
375	221
186	339
316	106
340	76
234	119
64	421
275	211
350	250
392	187
271	450
184	251
192	433
310	193
407	261
62	494
411	419
486	357
122	404
465	358
234	469
298	9
207	302
279	41
135	349
303	123
233	191
348	339
427	320
266	388
138	310
83	481
330	305
321	74
337	223
194	214
234	394
309	31
408	248
288	183
371	474
333	423
259	252
303	119
382	393
313	365
312	30
286	360
434	507
267	100
325	54
300	2
289	410
416	455
311	59
362	304
290	304
320	69
29	481
23	487
396	505
276	216
313	393
330	129
320	289
352	268
373	294
247	135
455	482
318	501
303	50
275	385
334	303
225	149
473	472
316	85
310	113
233	329
316	396
78	477
277	281
309	26
338	72
315	160
491	504
223	507
422	244
412	244
338	192
217	199
365	117
291	112
292	28
294	239
168	478
276	162
294	114
400	231
351	165
216	205
327	115
275	280
360	345
292	162
428	345
106	392
257	171
338	229
399	519
373	343
145	274
258	80
345	203
310	68
163	273
107	442
509	401
98	459
294	133
270	170
437	322
281	321
212	169
334	270
217	254
157	494
332	57
274	187
286	54
303	29
376	153
460	387
179	446
235	203
531	519
194	445
336	359
330	77
342	296
481	429
509	374
478	508
362	403
216	155
319	448
298	86
299	44
374	281
422	513
287	35
457	382
173	382
446	371
530	475
108	461
383	383
66	469
316	293
160	485
418	209
471	456
291	406
247	274
268	143
294	426
389	170
437	333
385	309
177	274
167	466
303	115
320	440
159	429
349	322
339	364
360	387
415	424
377	262
336	82
41	481
17	496
39	488
499	459
366	135
208	301
285	276
304	33
300	2
343	332
300	6
238	406
278	417
279	45
225	293
366	137
124	349
278	300
404	424
311	48
297	15
138	480
281	295
272	117
448	362
244	209
320	38
56	438
321	302
267	59
254	95
390	162
276	266
160	383
373	178
383	223
236	162
163	393
280	46
279	247
364	165
263	83
257	100
315	261
298	123
327	49
538	419
240	229
356	144
245	120
266	112
298	88
201	307
413	510
297	48
432	443
230	191
357	183
332	214
271	259
187	278
244	235
194	357
505	377
258	91
299	52
458	350
297	11
393	173
72	462
204	335
249	177
181	445
122	506
292	385
296	54
80	481
192	403
301	5
274	119
436	285
444	355
273	95
328	500
188	302
362	493
356	162
275	66
392	251
347	401
371	159
368	359
313	484
44	487
336	163
299	431
274	106
215	150
225	271
556	503
452	429
94	473
257	345
261	251
288	202
308	518
338	304
295	49
296	23
488	403
301	47
33	504
258	464
165	467
346	143
529	405
102	502
283	271
388	191
303	27
235	121
237	404
487	329
333	193
131	425
179	227
279	315
276	116
256	430
228	370
276	203
302	7
434	262
324	73
379	249
448	395
145	332
405	427
419	275
354	156
34	481
254	101
276	151
233	235
474	443
100	363
292	203
444	426
434	364
359	424
378	332
361	150
469	409
319	127
216	151
320	403
471	299
315	359
287	366
246	300
374	459
389	250
209	217
163	341
335	173
226	146
219	407
300	16
241	146
291	251
90	427
286	507
286	172
431	423
176	364
312	50
315	246
217	489
361	256
305	87
257	188
171	339
308	85
126	334
248	292
526	403
420	231
370	278
221	197
334	182
210	257
170	306
244	327
241	128
290	34
348	116
286	195
349	509
405	489
242	199
224	237
536	435
322	42
391	409
459	370
298	7
253	274
288	23
142	292
300	18
376	231
304	29
262	178
260	192
331	192
453	390
189	321
339	86
316	519
281	126
296	431
300	2
326	415
394	167
252	287
130	365
447	321
335	70
331	135
299	43
330	505
273	82
481	359
280	480
189	254
170	313
112	439
162	283
333	195
286	41
244	313
246	165
364	388
262	519
300	83
280	56
157	250
227	153
300	355
301	3
423	420
291	70
243	205
428	434
283	86
292	399
534	413
301	18
292	224
259	144
341	158
299	6
556	452
226	410
233	237
206	351
176	372
131	348
384	377
165	362
484	428
376	395
483	473
424	435
427	259
218	354
348	190
548	496
260	150
110	335
285	273
230	443
241	112
317	139
205	237
178	309
299	161
239	333
104	463
373	204
384	230
301	15
523	488
548	512
180	403
213	194
284	70
318	332
302	28
386	269
168	351
381	371
107	374
425	273
302	173
350	272
182	269
325	58
180	343
264	288
75	394
140	384
247	195
54	460
332	77
249	365
333	150
463	477
162	416
70	402
179	277
187	339
254	260
380	457
558	478
314	385
298	21
499	429
278	82
201	264
292	137
294	16
345	132
426	481
371	364
500	419
355	116
302	79
312	299
300	22
375	156
236	185
235	197
338	235
158	513
272	119
371	415
161	254
108	382
300	5
430	376
294	62
343	308
74	418
375	352
289	267
224	137
267	82
181	293
500	426
274	153
107	493
216	212
256	327
328	56
464	423
342	94
305	89
292	55
154	379
322	295
243	396
295	99
373	322
201	199
362	438
300	60
293	422
455	499
244	452
304	17
285	291
443	411
315	314
334	102
191	320
242	157
369	404
328	308
343	88
460	338
308	161
320	376
128	341
301	28
196	499
360	118
267	112
387	164
306	14
223	410
424	380
327	102
322	150
330	98
143	515
271	467
399	311
220	253
279	166
442	304
480	492
289	90
175	352
355	165
449	283
63	494
417	362
339	126
225	132
248	482
311	49
346	164
258	100
268	96
299	35
296	10
401	425
80	487
195	364
381	150
317	79
298	49
386	223
433	396
246	236
388	391
400	193
300	108
299	280
412	228
155	326
236	486
417	266
87	500
310	54
208	203
404	276
297	10
222	151
342	141
123	416
204	183
330	57
303	38
149	291
377	175
245	242
457	489
295	17
348	108
309	28
155	316
113	509
355	173
203	301
286	35
278	153
366	125
319	65
122	459
224	253
273	66
477	364
418	278
392	263
256	117
396	303
297	7
291	158
47	500
353	168
230	364
298	13
397	407
351	137
399	270
261	285
208	188
252	142
307	61
201	382
411	267
352	267
111	348
303	61
375	398
267	62
345	203
221	217
217	229
161	328
354	434
384	223
370	130
526	469
202	412
300	2
288	97
106	338
408	219
302	333
301	114
484	328
268	62
422	304
225	463
275	306
353	99
295	286
290	492
402	389
147	308
59	476
377	438
271	199
394	450
447	263
120	471
523	459
259	141
347	138
237	321
363	219
300	2
299	38
324	341
420	253
371	309
508	511
112	364
375	322
272	240
463	448
394	327
291	38
218	163
89	435
245	377
259	164
294	44
417	382
260	119
154	322
213	189
384	462
156	488
271	67
144	384
354	356
292	305
426	296
279	315
399	234
415	313
180	363
171	399
367	308
355	335
297	396
366	133
97	402
306	19
301	44
303	163
417	509
356	324
173	416
349	210
314	49
282	345
254	362
178	223
323	48
205	217
82	499
338	198
419	316
434	331
334	140
292	55
362	274
309	83
197	306
228	161
458	403
433	507
231	209
280	154
355	138
310	198
275	368
507	461
351	106
367	229
402	382
246	95
197	203
384	239
209	511
304	50
264	105
293	30
321	486
226	158
306	53
213	401
33	514
300	55
290	76
329	177
460	310
221	264
433	379
316	455
332	241
169	494
161	447
567	469
189	345
493	518
230	466
358	122
378	416
439	355
333	71
296	9
278	55
156	443
253	470
323	112
456	415
338	288
281	328
266	457
184	276
348	258
331	216
525	474
240	121
252	416
337	273
255	313
325	364
297	487
154	498
257	501
391	458
301	8
258	425
355	239
396	183
274	162
308	20
431	248
401	342
226	268
437	433
350	407
300	240
338	315
271	230
253	97
224	285
321	124
264	67
437	408
316	442
474	327
243	114
207	473
342	509
140	430
352	451
307	37
166	274
313	300
289	71
283	294
218	497
316	48
336	494
305	12
510	488
222	171
291	267
250	100
357	143
275	177
32	481
199	200
61	501
280	263
223	139
322	378
303	435
160	330
280	284
181	288
327	351
455	403
340	298
325	513
279	101
341	248
311	137
444	309
228	276
322	66
459	390
304	407
254	119
166	364
279	429
400	264
356	206
254	322
212	453
210	225
246	106
162	243
359	329
406	390
314	27
301	41
220	409
304	260
324	254
295	64
425	300
300	47
281	118
431	435
346	277
305	279
325	224
334	225
229	221
195	327
171	410
359	160
209	198
300	3
305	193
394	377
164	384
283	42
302	66
403	201
228	271
251	118
320	41
295	84
179	313
203	196
116	434
227	156
496	419
47	466
257	110
298	37
142	519
268	324
390	263
262	223
50	465
316	231
345	120
137	332
400	207
284	34
301	83
187	353
349	296
152	397
77	508
323	499
354	482
277	222
301	411
253	94
206	266
289	221
366	407
432	339
457	445
506	517
19	500
314	191
420	235
289	252
329	313
403	190
268	237
261	83
211	322
198	223
143	499
416	208
267	194
285	306
142	384
220	173
279	88
530	412
268	84
405	310
305	63
301	268
239	380
250	380
381	339
302	22
296	252
429	452
465	323
298	69
417	221
516	441
208	199
306	136
280	185
293	49
217	194
126	339
133	346
440	320
179	379
291	314
321	276
315	163
277	73
290	36
426	248
497	361
300	7
268	63
307	119
404	375
358	267
295	22
373	385
135	468
243	156
246	207
133	435
408	242
204	435
239	165
227	143
284	61
100	389
335	118
334	448
410	452
301	6
346	155
233	128
336	199
300	2
439	269
429	307
412	224
462	340
138	500
346	170
311	212
282	132
382	148
274	52
285	153
302	447
319	407
479	357
279	62
461	358
333	404
333	118
445	445
319	97
365	182
244	229
295	20
362	130
131	397
309	159
557	493
396	390
265	99
442	514
334	77
502	413
192	211
298	7
280	236
442	330
257	117
290	300
338	106
110	358
352	151
569	509
261	105
300	479
294	35
309	54
337	80
318	138
249	306
419	261
261	247
296	53
314	29
311	26
121	375
326	69
363	305
269	266
276	273
326	67
484	459
358	151
360	200
352	447
217	177
68	438
318	481
247	137
244	135
174	288
267	473
440	293
170	512
491	470
584	503
280	187
220	261
93	487
316	53
465	477
130	316
81	459
290	242
327	194
304	143
239	188
270	77
268	80
236	135
241	397
178	411
103	455
295	31
194	303
521	461
192	388
390	281
464	476
336	322
239	229
277	67
279	102
408	390
444	509
485	374
203	214
468	397
307	39
282	34
223	293
332	235
301	12
298	267
396	500
405	507
267	75
324	48
315	61
169	494
295	352
270	211
301	28
342	219
169	316
255	164
283	38
326	93
360	249
335	189
176	351
336	84
385	222
507	361
170	287
550	476
328	128
126	484
412	466
392	190
209	246
182	355
225	232
417	469
309	79
312	28
423	380
476	472
417	455
270	142
430	319
325	480
424	258
305	85
384	364
87	455
493	382
455	384
396	308
172	258
263	81
434	449
118	429
280	267
91	397
307	14
299	48
242	203
510	367
144	386
310	106
307	31
273	313
296	23
352	306
307	115
299	14
258	75
237	402
302	15
170	290
491	477
327	141
276	79
424	280
214	183
320	48
391	250
312	101
274	430
254	141
76	508
187	221
173	339
259	413
462	454
340	77
187	506
277	213
278	300
265	114
176	293
305	267
181	514
301	196
265	137
60	428
270	326
315	112
236	349
201	312
235	291
488	512
298	24
179	412
99	397
342	145
311	455
301	5
284	30
389	407
382	514
210	267
274	384
298	13
235	195
306	308
259	321
390	173
401	260
403	455
250	91
320	418
428	389
391	413
299	180
317	111
342	303
215	423
429	254
273	495
134	376
250	141
305	90
337	314
505	500
301	54
292	30
308	111
336	90
362	378
285	95
279	415
167	335
377	350
278	48
285	119
344	282
77	519
417	211
436	254
331	63
161	395
321	94
369	265
295	135
288	75
457	410
263	118
352	436
457	356
299	83
495	418
235	138
453	302
461	475
276	130
287	27
284	74
188	438
288	29
267	280
208	186
275	277
344	86
574	484
370	414
248	152
299	9
287	31
311	405
557	469
300	134
272	217
181	390
279	201
353	364
335	208
281	68
301	11
338	339
473	401
348	168
250	515
529	467
163	518
288	175
354	190
461	454
352	170
268	103
297	169
331	119
110	472
299	36
282	455
316	451
300	2
146	401
435	385
250	199
449	281
163	351
313	251
54	429
345	330
306	124
85	477
263	485
272	340
258	85
387	260
365	151
335	229
272	500
297	349
192	194
238	183
165	378
438	248
421	265
382	177
372	184
315	139
335	211
345	497
538	493
360	124
422	355
311	300
302	36
89	416
182	374
503	401
302	15
294	95
291	106
359	343
485	322
300	109
340	137
261	99
260	272
290	169
278	47
445	262
300	184
252	106
268	434
269	417
291	93
262	197
374	244
264	148
386	151
233	251
285	100
350	255
302	41
248	115
296	148
151	437
359	502
263	138
69	518
271	183
307	229
203	303
175	399
301	72
302	350
311	430
247	371
329	126
483	509
295	442
251	256
300	41
214	285
287	299
406	200
245	131
288	36
191	193
228	313
190	510
43	481
339	76
433	358
290	275
300	2
325	118
404	465
228	196
368	235
335	294
205	487
302	9
294	71
350	280
298	7
413	235
307	66
494	508
44	462
391	286
121	474
152	273
287	75
306	73
212	182
74	484
514	480
290	102
279	127
354	120
275	67
463	405
306	466
469	367
425	274
486	346
303	94
291	442
322	359
263	80
237	238
479	385
272	125
355	405
519	388
267	67
320	187
350	398
202	498
531	473
222	207
269	180
262	109
524	419
257	243
244	398
221	293
388	480
294	175
397	231
203	217
426	232
283	186
282	408
65	435
349	199
300	18
300	203
206	287
285	36
332	195
402	515
482	464
235	127
135	331
117	338
206	199
502	374
302	56
304	25
474	424
298	41
441	427
424	476
335	75
443	468
254	319
511	472
296	160
456	324
377	196
189	474
265	267
452	442
234	184
266	111
126	330
343	157
304	24
378	407
421	216
181	208
210	468
252	298
444	508
257	406
327	158
333	86
498	424
355	364
114	332
356	366
382	180
177	376
199	258
138	369
310	42
245	119
300	2
282	125
207	242
225	248
350	186
342	97
302	48
295	40
165	306
220	314
229	145
379	273
284	38
221	424
211	503
113	427
247	273
300	1
420	403
325	74
367	503
181	438
381	165
276	48
299	35
299	184
306	61
341	73
287	112
243	380
346	91
168	242
108	501
337	197
205	189
296	256
484	496
298	132
88	516
282	456
330	216
410	219
181	233
278	306
136	341
371	271
315	54
114	454
324	361
459	278
393	475
418	243
271	497
379	364
295	76
560	471
304	11
421	391
226	145
229	410
219	224
291	278
324	120
262	375
127	510
219	383
282	94
293	296
309	27
338	171
116	408
37	511
208	195
325	64
291	290
284	103
396	196
351	415
170	379
324	313
169	274
365	295
239	197
248	280
355	171
299	254
225	494
317	95
175	252
157	256
302	21
329	118
236	124
351	114
297	328
120	342
264	102
313	32
291	441
228	345
263	154
572	503
234	227
442	421
249	494
143	303
138	293
103	449
327	75
287	506
129	308
374	258
297	159
219	236
367	424
197	278
107	507
216	204
320	196
499	374
325	477
378	357
423	253
269	70
284	36
583	495
212	219
378	362
446	264
511	438
337	274
256	189
394	452
464	460
274	120
313	37
373	489
519	384
203	392
364	127
447	338
341	436
338	241
301	14
254	332
306	21
165	285
291	150
297	9
322	86
244	349
281	43
355	439
171	406
272	506
447	258
215	431
355	261
290	294
319	278
297	15
362	301
291	175
330	145
286	280
294	259
416	461
359	126
407	258
125	464
430	352
326	293
300	2
497	508
217	167
298	132
164	415
302	13
331	201
369	468
481	339
544	475
214	222
296	131
397	302
340	178
397	345
260	298
258	416
72	397
291	144
274	170
274	205
321	138
219	276
89	485
390	215
275	167
348	494
275	73
283	33
577	519
387	180
256	269
333	71
175	517
371	145
562	470
375	134
196	368
337	167
285	347
325	127
500	492
535	470
441	356
202	174
244	149
439	475
171	489
473	447
407	223
411	462
86	387
208	339
296	168
338	429
220	155
48	483
317	500
265	365
231	508
407	198
375	399
330	98
240	489
244	268
199	313
318	393
364	332
230	401
384	404
301	28
471	383
357	139
306	20
359	473
300	2
291	49
329	58
362	470
144	281
74	484
309	19
432	367
471	422
321	93
450	482
312	29
317	217
467	361
328	125
292	20
311	46
155	335
300	191
307	174
352	251
248	350
305	54
436	478
261	76
343	83
291	375
254	91
62	451
485	468
305	11
244	380
374	209
99	390
366	123
146	416
192	254
514	441
187	426
218	395
320	48
267	101
333	171
355	346
287	44
287	52
270	332
301	322
303	77
117	503
241	211
350	105
223	312
191	270
379	310
301	445
451	341
447	457
525	483
307	78
407	246
321	163
409	395
428	291
335	155
311	42
287	35
279	74
424	266
361	460
401	282
263	237
261	253
286	28
470	375
300	13
298	21
477	412
320	158
214	408
300	252
300	5
295	12
330	388
368	468
350	115
377	240
311	28
301	300
436	413
149	283
367	232
322	67
312	29
239	203
385	259
329	52
190	236
282	320
292	15
450	366
305	80
335	119
294	15
202	382
351	99
266	209
329	141
489	497
329	143
274	75
260	309
335	441
328	438
418	268
161	318
297	196
332	500
540	422
152	408
282	351
342	334
285	151
366	274
367	416
322	79
307	29
200	397
296	35
414	213
290	217
508	403
190	359
296	75
300	2
533	460
256	140
238	443
194	287
107	512
342	195
370	183
323	61
410	487
283	39
303	94
110	346
48	488
183	406
245	206
343	449
101	430
378	497
306	30
427	390
447	479
334	86
305	93
368	431
268	466
202	184
169	420
213	208
305	437
298	97
452	343
299	4
308	238
382	357
300	2
309	306
392	172
368	128
300	1
409	283
306	30
453	469
325	86
272	92
202	474
491	397
454	284
180	460
261	252
134	507
277	316
533	484
535	508
464	382
269	205
323	184
88	450
377	510
196	285
436	261
274	142
339	169
230	347
300	156
394	246
123	466
324	138
390	203
403	229
127	441
174	301
300	101
258	265
260	254
490	459
369	234
80	394
253	158
343	143
370	372
164	299
307	16
453	370
346	102
231	125
264	198
359	206
289	28
257	116
301	440
208	178
124	423
231	289
482	463
248	126
302	10
348	447
325	166
310	44
110	493
136	434
267	296
205	222
428	518
372	149
307	18
400	266
420	229
311	204
305	335
288	214
309	17
339	110
301	131
244	181
316	143
292	133
358	170
329	479
442	263
318	91
198	455
303	14
142	280
345	80
77	484
322	494
125	306
356	212
326	93
312	146
300	105
307	37
308	25
271	118
502	378
339	351
246	189
196	183
319	39
321	151
266	241
306	279
27	494
300	8
137	507
319	190
180	477
399	229
376	176
357	197
258	297
242	455
280	41
160	384
177	377
360	285
389	261
273	54
265	117
148	351
297	81
264	399
303	41
300	80
278	177
442	286
335	372
297	119
340	84
444	386
473	472
245	135
456	321
148	461
552	438
286	30
280	46
284	441
11	513
268	204
344	350
447	326
345	113
469	448
381	253
269	267
377	177
183	369
291	64
408	417
328	300
478	324
270	434
489	494
330	483
395	187
342	125
368	151
267	171
171	240
355	309
338	77
298	6
312	331
426	310
302	13
451	271
412	313
256	222
227	267
314	407
294	36
231	197
58	495
230	200
520	436
294	76
134	364
204	444
388	334
154	448
302	9
408	242
330	393
321	39
365	124
387	245
327	401
280	80
478	324
263	186
236	342
335	196
114	332
292	17
94	361
69	481
310	242
220	239
330	221
508	490
310	22
240	322
276	61
280	47
316	37
39	470
375	283
205	270
276	260
367	172
246	455
318	45
132	333
467	305
196	477
181	299
318	60
319	250
152	421
163	254
181	271
302	5
179	215
277	337
242	177
221	162
301	29
178	316
465	460
356	191
267	167
436	244
280	80
307	86
224	227
497	485
472	319
485	366
322	345
271	387
379	461
151	361
375	451
102	411
323	183
285	79
313	34
193	295
528	410
322	150
272	161
223	138
71	455
218	173
329	55
188	229
362	384
367	209
314	391
296	70
132	418
314	85
308	99
325	166
311	257
347	94
206	398
164	308
310	55
328	210
202	190
319	132
168	383
378	211
455	429
308	53
277	200
266	273
307	332
190	234
426	243
335	224
506	387
401	249
198	185
314	34
420	269
454	501
300	3
300	92
143	357
304	134
319	309
278	185
174	479
285	190
168	277
250	299
218	219
185	435
347	138
304	103
311	459
455	293
126	306
221	405
342	288
285	132
299	170
422	363
98	387
119	470
299	47
441	518
316	41
192	319
301	14
182	292
231	257
317	115
362	484
285	389
107	344
314	339
318	143
131	350
462	339
300	58
170	326
228	350
313	397
165	441
355	339
214	408
317	364
402	298
300	107
533	426
493	498
168	414
325	51
355	430
255	174
270	156
222	510
259	487
261	153
270	510
94	407
331	174
287	209
202	331
260	160
285	487
368	426
381	146
342	88
126	362
35	485
282	436
172	239
358	356
487	495
287	92
363	443
344	89
306	56
417	474
450	403
289	69
326	75
108	454
142	448
328	118
337	187
266	133
190	196
78	475
308	61
182	507
155	461
245	99
282	185
370	339
78	518
224	363
195	211
268	212
331	137
300	190
281	362
320	96
306	62
284	106
121	426
240	362
389	356
336	149
403	424
305	10
295	17
469	295
388	322
267	158
376	158
214	170
385	285
401	267
354	140
279	264
193	254
329	73
374	299
370	446
331	410
445	483
366	147
237	116
218	431
321	497
332	103
49	446
280	48
300	87
432	485
304	267
306	12
333	125
449	302
221	145
123	481
261	265
235	297
370	401
296	35
334	291
302	24
342	112
304	313
160	296
254	104
294	44
403	374
318	77
275	219
263	240
257	89
351	275
267	341
296	41
206	209
395	397
276	281
305	54
265	81
492	344
122	319
440	469
292	96
276	209
260	209
304	35
49	515
440	281
288	298
427	272
590	505
299	206
412	292
273	156
377	494
312	87
362	159
218	199
84	495
282	132
295	12
269	67
278	259
80	439
306	22
191	246
257	247
125	487
159	442
427	319
264	214
230	231
232	220
203	474
45	445
292	71
365	156
126	466
270	148
451	331
298	140
251	299
242	393
513	419
346	466
103	352
55	458
366	301
292	255
315	484
318	440
156	410
362	111
271	103
156	494
434	279
300	384
303	13
77	460
261	511
75	481
483	393
88	479
303	17
240	113
138	374
249	127
236	247
254	84
413	234
314	339
331	259
403	229
245	298
442	305
300	4
377	161
234	145
300	2
315	118
255	255
330	250
356	239
288	83
334	248
360	360
387	362
518	483
355	225
299	45
360	422
228	366
403	204
208	162
368	463
462	328
242	274
480	319
438	470
233	422
392	248
446	453
276	46
348	152
527	514
283	308
312	348
177	490
504	519
219	430
322	56
439	321
294	40
210	257
343	91
307	34
577	518
547	473
220	204
363	204
355	97
296	83
251	190
355	132
263	306
319	383
461	301
171	475
75	475
493	382
302	293
311	52
343	226
376	190
171	499
301	325
303	41
293	119
464	442
334	128
292	50
230	180
256	237
197	218
246	165
364	439
353	178
314	162
313	438
201	182
266	308
363	283
469	405
312	498
304	12
146	300
306	507
536	416
151	497
350	517
244	196
306	18
164	242
435	277
189	349
518	413
332	66
356	296
557	518
433	424
355	433
271	174
334	251
272	339
277	202
312	447
466	296
303	43
318	263
349	235
293	40
229	420
341	83
264	141
296	65
34	488
288	36
307	80
220	151
376	203
300	6
375	235
492	410
350	91
303	50
204	185
430	245
306	161
369	246
275	84
352	459
217	246
302	232
245	105
289	98
292	24
333	251
329	112
339	222
265	147
398	514
162	333
324	55
474	511
371	259
313	107
213	313
302	10
181	274
318	80
300	128
333	433
314	115
268	380
318	314
351	256
378	152
313	51
230	467
367	145
319	462
374	273
438	519
265	127
170	377
229	417
383	510
306	57
87	389
288	345
249	125
324	139
256	125
300	2
27	507
445	410
265	208
272	75
424	363
91	438
341	477
408	435
333	63
181	346
108	500
248	189
47	461
189	206
282	101
549	495
336	233
300	222
292	17
250	90
560	473
274	251
403	235
294	13
300	13
222	205
282	147
360	125
364	362
137	368
285	158
242	514
128	410
313	56
285	67
308	48
422	238
358	287
291	283
335	234
361	200
162	321
365	509
128	494
125	440
272	215
323	487
418	501
128	510
321	50
300	52
342	343
146	427
94	365
363	160
316	30
276	61
447	306
241	216
326	91
330	403
320	40
126	307
292	64
468	471
477	384
267	474
299	42
395	186
399	183
159	354
346	118
180	501
319	105
368	184
421	248
529	514
368	161
337	271
190	232
379	347
369	125
284	374
279	260
286	26
275	64
243	276
296	259
382	371
243	258
290	147
357	118
280	274
241	157
497	387
527	442
476	337
267	400
465	370
143	381
342	112
408	226
112	332
300	55
470	429
227	178
330	78
309	35
300	4
196	478
281	35
298	46
146	273
463	310
370	178
531	481
266	396
365	328
344	136
283	127
403	303
369	330
579	500
276	254
293	25
339	203
143	312
290	52
294	154
93	465
177	371
312	28
266	187
165	316
336	98
405	257
208	183
272	241
215	256
122	461
309	90
368	122
275	54
270	507
329	90
285	318
299	14
400	226
303	14
301	226
43	483
156	429
230	166
311	45
502	445
87	451
299	117
334	76
300	1
359	442
224	155
312	106
152	399
234	206
275	275
338	444
238	179
181	299
300	1
278	483
287	35
170	304
397	222
317	39
116	345
287	37
228	342
347	368
264	66
430	345
299	14
407	314
315	33
483	342
169	364
305	59
301	28
184	405
419	513
295	253
339	241
195	403
357	109
111	489
261	76
181	309
41	511
432	397
329	435
264	459
303	23
258	194
235	168
529	495
242	326
342	351
355	200
432	519
351	216
238	491
350	274
262	73
251	178
298	8
194	397
383	223
190	272
352	196
368	153
254	301
231	336
498	452
296	24
308	15
524	448
232	228
198	203
171	257
288	26
316	82
148	294
333	112
469	312
114	362
461	339
297	21
451	370
264	222
441	256
198	461
154	283
435	254
213	331
401	257
216	170
86	427
253	490
324	431
291	99
179	216
170	249
194	301
260	455
181	295
288	317
399	321
420	302
509	383
295	83
310	131
508	417
446	480
76	480
321	286
46	494
272	75
461	489
260	87
203	179
347	254
320	409
277	300
58	511
421	352
481	391
399	229
212	480
257	77
235	377
232	143
390	232
312	66
290	56
329	367
398	202
228	195
130	333
302	139
292	181
454	350
314	45
368	438
151	412
221	443
241	303
277	312
438	400
314	71
530	504
306	35
289	291
188	377
264	300
265	216
357	129
300	1
196	224
294	13
286	103
302	49
479	467
340	367
443	353
292	160
222	186
517	503
360	148
313	93
248	291
333	222
300	269
330	374
192	460
348	185
245	160
112	495
425	322
299	49
452	332
311	285
290	158
298	20
288	35
321	57
261	128
453	514
365	116
266	97
405	512
451	494
372	397
460	279
407	448
421	408
300	38
392	411
312	180
334	178
193	235
296	20
287	41
291	106
298	70
112	480
149	362
296	312
237	116
299	266
450	352
236	165
79	446
295	27
300	24
342	156
184	247
335	80
314	103
227	313
458	275
160	386
171	420
503	412
282	213
186	457
222	151
163	324
363	363
407	234
431	490
351	200
333	430
321	105
281	149
555	492
194	211
155	254
327	106
415	314
345	462
434	507
380	308
286	117
431	384
471	367
568	486
432	467
356	348
297	12
314	340
283	238
493	402
99	389
353	96
63	479
395	359
364	504
257	190
326	450
316	37
126	365
361	352
328	129
199	220
252	163
543	458
439	285
342	148
370	180
194	217
217	210
332	205
408	465
314	129
331	295
343	408
309	499
350	410
330	339
125	397
419	217
410	317
95	420
256	403
230	155
293	29
358	448
325	119
396	195
335	82
260	127
277	74
280	186
319	67
247	487
308	62
500	420
348	196
441	363
200	176
330	183
382	144
102	364
269	423
309	20
138	361
313	60
48	512
341	246
292	16
416	346
284	509
128	395
311	174
387	173
228	199
114	507
444	466
314	164
148	382
298	24
279	40
281	35
162	513
289	393
431	455
381	406
194	254
304	75
413	364
79	397
420	256
300	5
369	443
255	107
346	140
314	77
409	203
229	134
376	313
218	220
311	48
300	483
310	43
209	292
367	414
516	474
413	292
389	209
301	9
384	455
272	132
271	190
327	88
276	96
307	110
300	18
285	31
233	352
269	479
417	387
257	355
269	119
308	178
561	494
341	510
284	31
304	130
300	263
105	364
205	245
211	340
392	357
340	150
406	497
224	339
401	181
430	279
209	264
177	469
284	134
81	465
484	401
356	262
232	226
337	519
378	403
262	185
363	514
292	39
276	61
160	386
447	312
179	319
205	442
316	367
294	18
122	313
268	390
315	71
262	238
236	156
340	284
423	425
303	48
256	81
305	461
153	279
298	25
441	346
419	496
258	237
266	158
519	457
260	188
317	75
378	272
442	334
245	127
240	229
336	89
330	127
327	109
472	417
403	214
301	10
259	246
303	141
393	299
239	388
310	49
270	203
313	45
243	455
252	186
210	300
91	443
102	408
306	67
195	260
357	173
380	358
164	247
324	84
223	157
252	197
277	469
274	58
303	464
318	125
279	132
186	403
353	327
71	412
313	154
299	6
300	83
501	387
447	476
210	217
284	66
387	164
538	420
291	69
102	374
470	350
260	177
265	253
59	421
540	440
272	337
490	397
356	117
381	447
498	370
350	339
419	280
335	153
263	169
402	257
146	487
175	254
282	289
452	429
262	282
281	417
106	435
309	253
313	317
363	145
324	63
288	169
229	138
297	20
281	51
320	85
50	438
366	308
271	58
206	230
73	485
296	15
375	145
467	382
104	448
326	64
85	454
231	165
177	360
279	169
410	328
129	377
91	393
208	337
117	471
330	377
235	415
404	397
318	40
279	92
123	386
233	187
431	340
306	91
296	9
338	311
484	358
296	30
291	34
283	154
307	14
319	51
173	243
244	216
483	498
98	481
178	491
204	279
477	447
428	241
393	217
241	192
260	403
307	180
321	427
358	337
458	278
303	205
353	264
171	361
266	401
248	164
293	384
299	4
229	452
234	158
298	7
359	106
277	217
405	214
466	313
235	139
460	290
394	271
344	254
254	500
316	458
95	366
300	1
303	15
177	221
340	229
163	473
243	504
574	489
208	340
236	468
194	250
271	435
226	185
304	97
229	292
294	274
509	510
301	9
356	133
294	20
512	479
362	460
552	447
197	481
384	432
421	374
217	379
336	134
452	271
324	118
19	512
85	424
391	435
237	164
230	126
314	138
304	167
270	126
42	470
472	442
289	155
288	126
300	51
273	467
263	383
295	111
359	477
190	271
144	466
328	221
228	371
313	40
494	399
317	284
311	188
285	381
485	507
214	316
428	225
250	203
370	138
289	179
240	377
320	101
110	345
324	487
280	64
280	399
373	170
275	95
408	364
335	177
466	356
246	97
288	473
331	336
349	88
256	281
170	498
310	210
94	500
206	247
446	518
269	479
243	115
331	252
477	517
298	7
281	228
278	274
340	499
137	386
347	490
308	170
291	197
258	235
338	71
303	412
295	86
297	21
396	511
296	56
295	10
216	458
394	315
449	272
363	180
198	260
412	476
322	273
214	288
161	288
496	477
359	132
335	129
537	461
54	428
433	346
356	190
405	341
281	166
296	15
257	378
317	86
287	37
469	391
205	274
422	404
360	109
170	308
308	38
421	268
329	72
295	15
295	186
241	472
166	320
278	329
159	326
316	119
269	94
330	207
302	67
313	24
239	158
292	19
278	52
175	497
309	190
122	454
436	403
185	236
78	443
327	78
309	318
259	506
249	445
340	93
341	348
258	247
352	158
341	145
47	491
258	141
385	261
308	250
293	481
246	291
325	57
442	404
302	9
187	461
367	284
255	238
276	350
302	22
303	45
388	451
370	125
277	138
377	174
322	84
420	244
444	251
169	267
236	479
281	390
422	420
170	477
446	331
35	490
306	250
451	310
220	183
285	28
284	113
251	336
265	122
335	462
311	23
415	504
290	86
381	310
206	261
416	217
322	136
313	100
273	73
153	336
420	344
443	419
292	75
502	516
227	434
346	265
308	20
289	54
265	71
317	73
301	35
307	101
323	125
390	186
293	80
239	335
307	22
288	420
343	361
246	333
294	22
386	229
308	164
297	412
247	179
505	487
300	4
157	272
238	208
392	286
185	216
300	9
196	208
315	219
448	387
451	346
453	272
462	447
325	131
398	233
466	356
521	395
247	518
376	479
253	358
307	138
294	22
434	423
150	471
304	54
528	453
164	353
201	202
272	97
433	334
311	207
226	204
395	216
289	174
302	7
142	332
278	64
314	28
426	252
300	2
309	26
317	238
387	208
306	67
228	324
259	183
299	126
475	399
354	229
246	451
213	158
394	236
506	419
349	143
480	472
507	431
250	440
280	432
192	276
48	507
163	361
340	214
160	293
299	67
269	75
426	461
323	230
157	339
236	118
314	112
319	139
335	267
323	149
262	118
300	2
239	371
242	266
339	105
251	293
426	463
136	473
337	442
325	140
469	471
384	166
319	272
300	2
440	398
267	208
310	95
97	436
436	448
233	164
278	68
487	413
161	388
276	154
60	474
443	433
261	268
358	395
420	247
245	133
172	290
292	15
276	50
455	318
283	118
389	227
532	447
369	403
303	120
293	112
290	216
130	352
140	435
371	465
296	27
453	291
300	1
145	482
336	90
463	505
260	362
470	455
291	19
316	416
269	75
293	16
307	23
309	29
337	198
300	12
310	154
196	403
300	41
62	495
286	80
215	164
275	144
256	219
327	195
313	46
248	295
256	293
523	414
303	78
277	214
214	153
410	448
371	171
123	379
271	216
248	503
227	279
314	30
208	194
284	361
499	498
49	504
261	111
313	318
216	415
155	390
298	5
203	287
252	238
123	313
378	249
217	302
165	299
300	2
347	168
287	51
246	179
266	92
340	159
457	513
265	117
308	470
314	288
330	92
264	111
462	365
298	138
292	22
323	293
392	349
365	247
314	113
538	423
202	424
333	80
119	334
155	471
240	138
272	106
288	455
159	272
335	78
338	186
492	345
413	337
273	118
220	487
452	275
290	24
298	19
413	305
145	281
115	375
371	175
259	133
293	98
261	376
193	393
526	421
373	214
170	401
232	319
407	303
277	48
291	54
223	318
133	392
362	125
334	271
200	396
401	203
142	384
438	405
316	30
342	221
323	155
385	185
291	100
214	168
356	290
398	194
439	405
38	455
313	28
369	205
274	482
250	203
236	408
290	48
297	9
335	73
337	157
76	493
389	441
479	416
279	46
354	103
253	388
481	329
264	186
364	198
268	344
388	202
149	486
157	481
273	50
126	515
169	354
332	96
148	363
300	239
212	235
371	166
286	35
328	398
223	246
173	304
297	112
203	480
313	41
217	214
362	475
285	329
336	240
371	207
359	185
339	416
227	399
296	30
389	209
319	41
180	327
204	229
383	247
318	493
494	502
14	518
409	251
348	138
42	495
305	109
261	110
75	400
284	270
305	61
398	216
427	471
300	5
458	459
307	179
301	6
274	198
326	487
293	308
402	218
433	447
285	30
229	276
286	201
307	143
346	264
197	409
388	410
335	287
322	216
365	117
212	164
365	214
269	325
282	285
176	293
376	353
478	399
367	241
402	403
340	519
295	347
206	193
413	213
303	140
216	203
309	124
300	2
184	392
353	164
325	64
428	259
313	414
158	382
263	239
194	414
326	151
127	461
454	415
331	228
504	390
368	180
273	372
287	95
309	19
328	390
268	62
280	38
470	306
381	159
320	64
308	67
303	67
414	313
460	429
429	361
299	44
350	511
326	67
296	9
303	86
264	80
96	447
146	330
359	138
287	89
330	91
274	357
257	237
493	375
306	15
440	302
215	410
462	516
369	220
355	509
266	67
290	133
260	205
240	230
131	404
300	80
88	403
261	481
486	448
299	6
107	484
294	25
314	41
301	48
326	207
302	79
225	455
353	106
335	115
351	482
267	300
286	34
338	140
481	512
265	345
182	384
318	158
331	247
280	36
162	359
230	314
253	120
279	42
201	282
179	274
323	98
288	43
282	53
373	151
340	513
316	182
281	72
185	451
280	82
334	159
218	513
488	388
148	332
121	316
236	228
319	280
128	380
275	323
187	490
397	468
262	314
425	364
313	26
357	435
209	442
283	322
251	115
330	375
358	139
290	19
409	359
436	319
200	447
347	493
402	304
278	60
482	375
342	381
249	300
336	465
149	390
251	93
449	306
346	391
234	183
340	103
305	65
293	435
187	201
306	29
219	242
272	91
283	129
420	211
114	518
239	159
213	174
307	43
128	301
295	45
285	105
193	220
284	36
288	48
315	395
302	274
383	185
294	147
261	97
220	225
273	104
243	107
300	52
155	267
288	44
22	512
480	515
225	152
220	425
342	229
274	232
320	95
461	478
306	207
443	435
208	218
279	442
370	275
423	419
431	380
312	158
424	242
344	199
295	48
198	315
413	293
394	332
251	403
424	482
389	167
323	79
275	104
405	243
291	448
280	151
221	235
254	273
311	54
504	397
214	251
293	183
420	298
435	303
205	267
273	293
294	159
298	185
343	199
267	130
306	149
298	44
286	313
364	381
104	444
307	19
325	295
299	138
330	138
285	62
194	232
302	70
318	33
68	481
286	119
348	216
288	272
420	241
247	145
176	329
269	106
188	228
312	321
552	499
346	238
281	424
301	293
220	267
331	209
210	178
170	375
196	517
483	457
221	209
199	189
334	247
459	440
346	231
324	71
303	9
252	390
291	54
312	48
191	219
276	60
110	332
276	407
301	185
415	281
300	27
253	300
330	210
261	93
203	245
250	151
338	184
287	442
216	164
307	232
323	188
292	367
117	356
337	192
370	383
358	397
265	300
387	519
188	342
260	183
367	425
401	398
383	172
310	158
193	190
302	324
360	138
332	65
258	404
400	325
311	84
311	85
285	303
370	203
282	58
180	363
369	252
374	242
247	178
254	94
371	320
279	51
233	391
341	428
314	167
277	217
297	243
362	390
289	447
178	287
295	183
216	391
414	277
182	380
99	451
298	8
196	233
313	61
330	299
467	452
248	278
313	153
308	48
254	317
271	408
124	413
175	348
266	116
369	404
243	267
204	332
317	65
194	192
290	47
572	480
246	201
225	177
67	425
222	190
341	114
398	492
341	107
289	38
433	292
432	352
395	254
423	254
330	413
463	319
276	322
288	76
134	443
464	442
300	118
146	337
259	205
332	114
440	337
155	306
298	34
426	380
425	255
297	18
247	247
459	481
209	269
289	408
172	507
253	332
303	9
186	285
299	431
269	87
313	25
547	479
130	360
231	309
197	377
359	375
350	88
293	221
301	300
374	297
281	436
329	95
404	216
455	358
295	78
219	447
338	82
245	97
339	114
263	134
191	280
245	334
137	318
263	222
315	44
442	261
394	374
356	299
300	248
81	487
323	48
206	274
253	222
396	288
252	377
309	204
343	138
272	75
216	388
341	310
314	73
289	44
424	254
261	510
376	179
585	518
333	306
343	353
290	27
112	373
290	76
249	432
360	130
387	204
281	204
327	83
455	317
277	510
585	498
233	176
391	388
393	227
171	313
154	293
284	164
340	87
230	493
286	42
318	86
228	154
162	375
347	92
312	49
478	513
302	25
353	456
332	88
263	70
165	416
95	504
316	35
169	496
403	311
310	487
494	343
326	123
327	277
353	95
232	155
413	364
288	22
265	327
376	358
87	414
413	247
207	170
478	435
309	39
336	259
196	340
300	488
304	48
202	404
297	48
298	9
279	244
296	9
324	68
296	23
280	321
269	99
463	383
267	499
267	349
291	32
275	164
266	506
453	378
345	513
305	144
224	402
399	226
441	301
296	57
393	307
261	158
306	420
186	345
217	261
277	443
382	310
246	351
276	412
294	52
388	293
158	415
257	238
401	468
299	120
214	280
536	416
281	91
313	35
309	200
567	514
215	159
317	123
223	272
222	151
220	377
256	209
287	261
206	311
456	276
301	78
458	318
204	252
327	95
265	303
320	115
287	119
306	217
293	151
306	67
301	77
458	417
254	377
178	229
264	139
368	203
263	257
267	275
163	392
185	248
409	487
286	362
192	264
133	387
199	193
314	50
237	327
234	455
250	301
238	144
263	234
71	436
252	389
353	447
386	287
313	171
296	30
231	250
285	261
325	64
111	506
363	112
130	435
168	442
365	119
360	498
287	77
554	467
323	189
293	121
311	154
310	220
351	100
322	338
300	22
241	293
408	293
239	209
325	77
44	458
144	498
149	489
325	75
117	454
358	287
178	359
355	213
300	2
300	132
242	112
199	412
411	374
153	379
302	105
86	449
320	177
213	280
204	184
342	240
247	152
459	478
348	396
119	322
241	143
381	201
354	103
347	458
316	354
472	392
309	170
201	393
129	332
83	448
298	6
280	255
322	54
160	297
384	196
509	450
268	175
241	112
300	8
276	51
289	29
342	296
248	192
380	513
288	390
285	153
509	436
170	403
290	164
303	187
406	450
262	193
340	173
224	299
364	251
393	167
477	364
324	50
173	513
406	399
310	222
324	86
147	416
328	57
300	2
293	386
322	114
556	469
315	122
316	136
392	184
347	242
138	516
89	494
385	295
302	6
276	486
194	492
371	252
281	300
380	151
298	82
259	75
361	457
298	8
378	428
331	86
136	443
244	209
350	96
298	145
249	460
258	93
290	26
289	44
277	65
301	20
324	46
97	399
357	418
136	494
282	87
350	332
520	480
378	209
269	409
225	445
250	192
323	47
285	170
242	287
219	317
291	397
93	477
245	396
267	196
104	490
354	181
483	406
129	457
289	24
307	41
239	221
373	169
312	89
424	415
523	419
411	229
464	310
60	471
294	17
310	224
300	24
189	364
402	490
467	291
423	352
243	266
381	354
237	451
346	102
511	461
324	356
200	468
337	188
409	455
420	222
288	112
183	376
305	41
324	156
357	185
333	451
298	5
205	259
378	216
215	415
504	481
359	436
305	141
268	176
313	134
422	307
199	238
382	339
309	119
356	169
77	422
79	485
523	408
317	88
434	384
156	300
345	277
246	186
264	406
246	403
183	318
249	115
238	349
430	258
308	16
307	18
253	519
324	80
292	34
166	338
291	44
271	291
72	403
342	515
366	146
135	487
264	133
271	180
493	386
340	229
279	54
122	343
102	480
255	174
394	208
404	240
358	238
282	79
445	365
249	280
328	99
106	372
348	178
233	200
253	160
239	277
319	265
253	86
323	163
173	263
67	465
345	248
21	487
371	211
304	119
296	41
381	164
535	417
266	119
347	220
402	374
394	237
261	111
340	295
271	495
304	192
263	272
314	85
321	86
300	1
259	244
167	379
392	270
342	364
139	505
238	337
358	367
374	223
222	457
350	113
323	59
531	494
305	53
383	323
320	58
317	84
314	28
409	293
144	324
287	86
509	482
265	242
308	61
552	506
184	279
266	84
424	403
316	71
295	35
432	292
264	193
293	431
299	110
364	478
287	259
187	268
229	158
181	326
418	247
315	245
351	208
340	201
354	133
225	281
348	409
170	437
343	231
305	431
293	24
264	90
349	108
340	280
293	15
336	357
265	106
82	382
403	202
284	38
309	284
301	106
300	8
244	338
552	488
361	291
285	327
306	179
393	304
192	361
232	214
280	299
352	156
344	207
335	124
479	387
328	257
297	40
310	95
152	405
264	137
287	51
373	138
346	309
379	345
318	47
524	403
363	232
267	79
269	109
208	167
351	335
208	209
364	355
563	470
468	351
275	351
463	513
304	12
211	413
442	519
248	285
121	345
518	477
106	366
300	2
212	395
404	190
306	89
251	160
439	260
255	252
564	504
52	506
282	47
304	106
253	449
91	374
311	28
390	267
144	321
323	67
196	337
331	112
372	301
69	475
437	323
180	327
238	317
300	90
390	263
306	222
450	444
329	229
354	187
293	500
143	481
294	473
428	277
265	389
272	61
300	2
317	73
184	244
386	181
301	5
415	246
396	222
203	175
254	246
218	377
181	232
447	345
164	381
392	182
595	516
302	243
290	319
224	292
294	14
358	260
216	181
423	467
284	46
291	262
134	331
277	41
222	354
415	518
261	131
139	438
479	440
283	273
250	184
299	447
24	511
306	133
117	319
305	74
378	395
300	114
286	41
160	284
386	245
299	361
296	39
425	273
512	441
371	228
320	48
431	274
475	468
290	154
221	361
93	433
111	517
209	248
147	315
212	188
75	509
320	99
251	91
236	390
272	243
381	230
247	115
250	116
321	361
372	310
449	431
437	269
285	158
322	77
190	385
474	465
276	48
407	214
244	104
104	482
327	112
312	28
290	32
295	103
211	329
264	66
346	230
295	13
272	102
297	36
79	415
251	263
297	13
318	51
162	451
290	41
200	176
159	331
578	505
372	305
392	166
544	443
274	256
195	391
227	380
317	87
393	195
138	500
263	177
304	107
193	439
372	342
324	511
310	77
517	395
220	140
249	270
317	130
217	265
209	242
250	190
368	476
310	112
358	175
152	384
374	212
312	420
280	195
64	518
299	11
212	345
301	18
574	519
124	433
188	207
473	382
309	95
302	30
310	104
288	267
148	442
343	329
399	177
206	507
200	248
297	234
425	417
199	327
315	41
177	302
402	197
207	216
40	500
292	41
260	92
190	265
416	464
33	503
136	352
281	234
387	470
278	216
449	436
325	132
363	189
378	422
251	486
229	354
152	304
316	91
300	5
325	465
319	473
310	315
175	275
301	393
209	198
338	183
269	110
300	23
277	59
315	191
311	274
105	382
295	23
550	514
299	23
309	350
285	187
289	67
50	468
262	168
302	466
435	380
193	318
202	339
241	267
412	481
108	398
312	174
63	498
345	195
535	422
227	237
313	162
354	505
231	406
282	300
292	35
363	342
168	302
311	49
128	431
300	7
364	387
300	251
186	345
243	236
278	41
133	481
122	448
187	204
388	321
506	506
343	403
414	224
248	263
48	490
289	156
198	394
394	495
242	239
356	417
224	429
231	282
275	431
308	156
89	390
111	441
407	273
394	362
152	308
393	206
289	28
424	325
360	253
48	519
294	235
367	406
182	264
339	179
155	435
184	262
349	350
181	349
263	183
370	155
300	222
195	206
362	353
263	113
165	261
228	487
316	96
288	86
236	265
203	270
253	151
132	507
182	423
340	273
91	364
347	464
314	374
361	110
199	274
122	323
285	53
487	467
360	291
348	358
305	19
300	22
499	455
325	89
324	174
229	127
282	66
452	313
271	67
267	95
449	471
353	206
250	285
309	40
264	143
259	476
290	508
360	222
174	274
442	319
577	517
431	410
232	300
386	489
175	308
292	51
381	272
219	182
208	170
300	114
151	261
179	292
94	371
299	4
392	430
141	341
490	359
237	461
277	286
489	425
415	321
480	440
406	307
197	313
397	172
270	112
242	107
97	429
209	248
371	294
369	475
304	11
168	295
168	240
445	513
287	213
411	384
299	499
396	323
266	173
445	320
354	519
134	400
346	123
300	6
474	503
463	347
389	294
541	467
220	235
292	15
486	367
361	310
481	468
335	144
242	381
215	357
86	403
400	482
306	218
415	236
361	248
244	116
393	300
332	150
349	148
270	93
325	393
354	343
293	111
165	298
241	233
345	138
339	493
241	134
188	248
430	327
330	61
142	404
375	361
339	132
77	392
313	125
211	402
153	384
198	236
23	509
289	27
102	363
320	37
455	408
278	366
446	331
300	454
357	474
265	73
342	382
369	295
300	41
65	507
231	145
318	179
268	77
333	79
416	375
262	364
264	250
279	360
308	36
298	10
229	204
423	274
380	259
236	202
274	127
152	489
325	289
448	360
308	353
304	43
300	76
269	242
266	217
353	142
127	328
380	429
195	208
314	151
260	293
319	112
328	56
290	426
300	127
341	508
294	65
409	373
419	252
242	228
448	296
260	171
307	446
342	113
319	311
354	149
189	358
303	22
337	72
358	508
274	127
240	364
193	492
316	32
229	464
344	100
258	242
187	443
246	500
315	116
365	153
228	158
201	202
360	154
168	320
231	224
337	134
312	33
245	293
488	511
330	209
295	314
300	2
301	25
433	285
275	61
289	34
565	480
243	311
532	485
274	88
387	511
191	372
248	246
88	519
282	183
316	206
255	254
237	229
154	303
439	311
400	266
343	140
251	90
297	26
423	377
340	82
363	181
307	36
305	11
208	423
239	286
344	187
297	26
190	255
299	69
442	298
334	85
304	15
522	397
169	507
422	348
218	408
301	10
465	287
295	90
315	119
93	431
233	151
307	33
411	256
374	418
239	132
299	9
276	55
305	102
315	103
381	370
349	144
302	29
309	274
86	432
317	138
420	222
526	461
337	307
88	426
271	287
246	114
327	307
308	86
278	397
301	92
364	260
63	501
383	261
66	482
447	296
324	265
347	177
44	475
334	169
371	349
297	514
305	21
163	292
367	309
369	129
306	13
300	2
518	395
305	16
348	201
313	33
291	53
169	509
567	470
276	241
315	234
81	432
314	41
275	177
478	310
517	421
321	273
307	506
264	296
276	119
77	390
338	306
237	192
317	222
341	74
296	125
290	67
396	492
362	362
486	390
383	172
329	76
143	452
447	493
356	163
389	408
114	401
374	443
470	436
403	287
294	283
287	169
217	251
358	190
515	376
350	230
306	125
359	422
282	49
44	509
295	37
344	294
188	350
67	519
316	189
307	34
245	358
252	237
482	384
294	83
370	356
155	452
196	368
344	157
280	129
465	339
252	170
525	432
165	510
394	220
307	24
303	27
452	498
279	109
387	405
113	485
463	329
260	292
204	404
512	447
273	70
413	203
140	463
306	13
294	499
295	78
283	35
447	261
175	401
254	93
203	203
456	428
439	319
335	115
136	504
243	110
216	196
308	24
433	246
377	362
457	346
117	494
155	324
286	80
91	439
295	10
189	339
316	32
561	501
230	183
189	384
236	291
392	393
251	168
301	4
499	443
302	15
299	13
334	400
386	450
298	13
228	446
295	509
405	311
332	126
105	421
308	107
327	466
113	402
322	175
316	42
324	112
323	78
443	260
161	339
458	458
258	215
355	166
283	222
328	235
186	273
298	306
233	215
393	442
299	25
390	287
319	57
506	390
52	461
251	175
166	455
315	265
181	216
321	354
103	344
374	456
441	249
462	376
264	130
286	28
329	368
150	364
541	519
456	453
107	436
245	261
290	28
301	6
384	195
309	54
319	51
381	257
173	401
192	494
260	423
337	190
338	153
187	274
209	438
180	222
323	269
85	428
341	220
249	202
274	176
235	204
71	514
377	195
331	455
514	482
328	180
273	57
288	42
313	55
361	161
393	247
338	296
285	265
221	222
365	127
356	148
267	71
207	224
211	159
303	11
420	501
102	434
496	385
336	275
325	166
368	492
261	286
127	334
503	374
294	15
210	194
550	497
264	214
314	34
371	202
424	329
336	411
269	206
144	381
444	357
419	236
352	164
369	431
218	173
256	483
319	95
331	132
301	8
372	388
425	247
252	186
231	394
283	78
218	462
290	80
234	298
477	356
364	202
342	436
288	190
542	516
238	300
193	417
174	470
509	497
301	449
345	329
348	176
313	172
173	281
66	407
301	6
246	363
291	93
311	442
364	119
154	469
338	517
330	309
262	117
404	406
274	322
49	508
403	390
302	8
316	78
292	283
296	80
291	216
311	284
242	180
149	269
306	32
288	41
255	80
462	460
325	101
308	192
383	386
287	52
385	227
231	165
214	417
306	67
297	51
292	45
206	262
278	41
363	268
129	444
342	79
467	382
258	128
381	219
191	429
402	390
526	413
74	461
300	1
241	358
213	179
475	355
336	95
127	332
336	298
201	300
320	72
387	496
420	298
464	292
536	444
341	93
447	350
214	362
288	164
513	403
366	232
405	299
422	470
192	308
484	514
300	74
261	269
276	66
301	209
327	52
94	498
270	481
432	500
429	346
237	510
187	208
278	55
300	2
203	391
296	85
265	465
359	134
391	410
376	473
186	239
283	287
295	10
164	248
323	100
272	76
343	457
384	190
317	78
359	109
281	78
159	310
324	281
403	292
298	191
261	127
226	222
265	73
318	83
335	63
279	273
281	50
214	410
177	222
298	7
548	434
300	35
404	418
270	73
520	430
206	350
117	337
505	377
303	169
299	7
408	305
339	93
308	131
302	50
279	224
254	202
380	450
276	211
340	89
311	31
319	287
299	28
438	363
391	317
125	306
276	61
297	14
296	25
208	241
157	325
329	299
327	58
96	498
239	483
295	46
264	100
231	147
302	310
171	507
215	280
297	181
533	447
319	39
236	281
294	202
294	22
312	179
307	191
182	293
298	9
281	38
258	140
286	45
218	199
236	255
105	379
472	410
335	73
267	177
326	148
422	326
290	46
166	367
247	240
393	287
312	119
303	81
438	393
296	404
328	52
288	178
234	139
309	85
218	403
311	21
206	428
367	260
170	306
307	271
316	37
268	230
303	7
313	450
226	371
366	282
394	230
339	307
362	142
303	19
174	227
209	166
408	190
278	274
182	496
299	62
461	342
436	483
279	54
338	367
285	74
216	282
302	300
286	120
380	302
315	44
297	144
298	6
438	396
318	58
209	229
335	145
267	406
270	64
249	381
309	56
136	297
348	260
275	62
311	93
311	45
239	308
324	243
361	486
361	477
336	422
176	233
248	267
291	28
430	426
347	104
447	381
449	352
320	42
238	205
128	332
304	19
287	48
231	190
302	488
415	210
85	459
201	303
281	170
306	347
357	317
317	195
140	403
347	150
148	267
398	294
265	232
271	71
288	125
300	174
310	37
292	440
378	322
153	359
287	31
505	443
261	235
329	121
158	279
196	268
287	74
397	242
260	88
324	165
413	413
281	119
288	66
286	249
458	448
329	119
280	289
458	342
225	217
244	177
312	351
120	403
364	167
259	458
403	514
215	404
358	158
214	257
275	431
313	67
273	96
303	28
361	118
381	207
302	6
297	198
292	202
295	27
270	210
384	191
296	397
294	73
553	510
304	125
275	161
300	9
226	152
333	241
147	296
298	94
299	301
347	519
341	126
294	454
330	82
194	420
177	290
377	189
416	396
89	448
559	494
493	513
332	183
407	412
98	496
290	106
264	183
261	125
337	72
302	47
298	321
562	501
188	209
277	85
394	260
223	290
465	502
360	243
341	76
213	373
330	174
94	517
376	151
308	68
350	513
300	4
229	472
126	418
294	451
298	65
299	33
153	334
435	310
333	103
202	275
453	464
418	249
248	114
300	357
300	7
277	397
530	414
97	487
423	413
325	256
301	17
368	248
278	248
246	468
228	220
315	41
244	389
172	488
309	47
283	46
299	4
402	222
281	202
449	316
287	74
404	412
330	85
466	346
376	377
105	363
328	96
308	58
24	497
423	246
508	396
266	182
336	105
345	439
224	280
556	447
317	111
250	305
430	324
371	230
543	442
352	298
287	310
366	120
256	367
331	85
332	142
300	280
266	117
347	87
286	81
290	34
135	294
347	119
278	59
264	481
317	60
279	95
293	37
240	116
511	460
275	108
310	122
217	245
347	97
521	403
296	10
279	468
179	282
312	33
296	170
300	55
235	478
296	36
508	454
295	61
390	222
280	180
132	439
293	132
197	270
415	312
120	324
355	98
255	186
102	410
234	419
203	469
331	411
292	382
536	485
303	9
404	411
294	145
324	59
143	418
221	153
104	515
502	423
312	279
425	225
231	124
556	445
319	47
173	256
286	89
336	115
156	476
432	331
261	361
301	90
286	39
243	240
98	423
216	261
73	513
544	461
300	100
233	289
342	319
56	444
303	8
407	189
156	296
334	85
319	83
277	72
329	136
276	61
413	216
237	278
316	32
520	455
453	511
183	358
452	409
357	445
370	363
431	281
256	455
302	10
141	472
238	337
320	74
435	368
335	207
271	56
300	8
313	97
328	270
284	282
562	514
86	510
246	112
123	330
197	412
300	17
316	42
287	392
107	351
327	109
99	363
340	227
129	377
260	416
405	318
262	450
238	119
85	397
310	347
293	14
266	451
306	82
333	184
303	48
262	172
338	443
118	466
281	212
301	248
227	282
404	471
285	97
412	378
309	104
525	491
290	45
277	193
299	80
221	145
139	407
232	237
404	196
377	181
272	239
367	340
190	247
261	304
340	221
343	199
251	275
171	228
293	423
518	496
89	411
325	75
285	122
240	178
172	248
357	344
239	364
325	150
339	340
520	444
111	382
404	233
296	374
285	302
388	287
300	4
326	313
330	298
170	258
409	384
103	361
196	236
301	22
343	112
288	113
350	209
383	268
425	355
304	256
103	366
335	330
376	233
163	426
298	185
316	54
314	73
298	43
415	397
311	507
74	492
391	325
302	39
403	218
94	358
293	35
284	35
456	347
304	21
425	351
283	364
210	178
153	450
322	399
450	429
307	290
461	313
415	288
431	347
335	472
274	244
320	149
69	476
311	41
199	261
198	185
296	106
326	146
297	388
291	121
281	300
351	170
288	496
386	175
417	300
351	129
398	226
454	282
211	302
226	144
329	130
254	355
255	128
171	254
254	432
337	106
323	110
338	86
312	45
417	283
285	38
297	11
273	278
290	193
222	374
300	25
281	85
287	267
294	73
266	209
324	100
312	396
406	225
313	276
238	172
448	408
339	86
304	222
221	282
295	72
106	497
303	257
207	237
340	276
297	7
294	37
297	132
341	101
331	60
276	187
300	227
334	157
215	240
249	295
427	246
264	66
280	112
536	465
362	331
451	399
239	121
508	417
282	38
270	220
351	109
326	60
213	272
371	390
387	434
332	57
244	122
368	184
451	318
163	412
254	222
396	387
297	26
291	260
269	102
322	70
299	4
206	432
222	425
228	307
263	181
141	351
350	158
299	76
249	101
565	471
295	13
301	452
279	104
276	201
296	12
263	242
111	364
113	473
112	327
136	326
143	335
104	441
242	128
277	90
319	400
310	418
296	197
356	123
303	7
215	211
92	364
283	127
309	36
440	326
358	145
482	329
320	376
258	347
241	254
359	116
277	41
307	254
388	172
189	519
233	127
299	13
323	190
223	228
450	279
172	308
296	9
310	79
294	182
220	193
407	306
413	206
483	365
510	426
288	272
315	41
185	308
312	35
220	313
116	351
253	216
414	397
190	462
373	241
389	178
173	234
345	453
147	335
300	4
302	18
298	31
180	424
344	153
292	183
270	189
370	452
340	114
304	32
344	112
183	332
333	247
254	211
209	216
305	123
296	140
287	132
292	95
323	56
442	324
240	266
298	9
315	95
357	248
254	96
390	461
150	398
295	160
299	6
468	371
303	306
320	112
160	419
496	409
277	81
480	408
300	2
315	108
144	448
317	47
347	362
404	479
311	23
417	436
200	372
292	74
346	147
305	75
236	131
313	73
131	364
545	430
338	250
175	333
260	104
305	428
331	71
269	151
278	56
300	5
325	104
396	407
321	221
331	381
299	5
258	105
256	235
246	173
213	475
122	464
304	259
236	190
281	241
376	420
402	464
150	456
289	252
463	315
415	414
340	472
257	410
454	291
248	422
162	486
109	400
288	72
236	215
326	120
257	316
238	145
302	314
270	382
365	309
300	417
277	519
310	19
152	372
233	313
209	257
389	298
294	50
234	146
182	250
167	361
212	303
364	307
309	17
219	311
359	191
63	429
221	151
308	93
443	495
177	373
126	344
300	29
356	117
343	252
302	153
299	209
481	498
309	29
180	274
285	414
275	71
289	456
94	483
255	311
391	300
332	138
138	373
308	149
296	86
209	216
309	112
295	71
329	95
401	309
329	139
346	287
282	507
318	130
299	180
260	107
267	80
479	411
276	99
308	35
444	324
266	177
390	304
195	414
414	216
353	157
328	348
196	203
297	10
297	95
263	131
347	470
83	397
458	322
378	138
380	297
295	331
275	61
293	494
300	2
293	15
313	347
408	232
175	235
292	123
399	430
374	434
323	52
171	226
380	258
337	91
231	507
367	132
97	455
558	449
442	267
411	377
267	259
193	194
359	471
291	116
417	248
195	435
216	181
211	298
170	281
283	80
280	101
216	331
236	461
196	283
548	470
387	434
193	293
259	347
232	215
162	460
481	331
266	142
243	106
68	466
492	387
342	402
293	54
300	44
323	272
448	489
314	410
268	61
322	415
300	15
230	240
291	322
271	146
264	506
220	140
73	474
242	109
298	15
461	508
178	366
276	96
74	418
20	488
187	495
317	52
290	38
208	507
117	366
149	326
361	331
282	152
333	125
387	164
287	29
351	206
408	507
359	232
429	328
448	505
388	442
306	13
372	273
261	80
304	147
162	246
292	49
224	207
373	306
297	73
242	177
277	73
333	178
298	15
307	92
377	503
299	51
388	349
290	292
279	339
244	413
228	163
398	313
303	515
424	481
307	133
323	327
187	209
228	198
284	403
198	284
376	231
288	77
470	518
284	104
344	222
354	115
414	286
279	58
410	237
300	54
310	35
228	145
421	433
103	386
210	452
405	305
196	482
372	392
253	93
258	79
244	385
326	340
270	378
243	340
134	422
374	172
355	181
433	407
315	48
278	80
74	420
363	185
181	346
280	41
498	437
558	510
407	436
322	54
201	457
321	205
363	297
294	122
430	508
142	423
301	7
328	231
289	57
517	390
216	209
424	416
309	35
24	519
266	276
314	96
293	70
336	139
230	187
265	110
283	497
276	180
303	37
405	488
433	280
344	139
295	10
331	272
98	438
166	359
238	365
266	81
442	333
333	173
314	80
375	494
390	253
403	326
536	432
494	375
298	48
559	481
478	330
316	74
415	234
227	384
196	251
301	17
392	396
205	198
423	458
331	62
456	497
153	393
287	68
244	442
296	48
114	414
322	319
332	423
216	158
269	76
391	393
298	12
411	417
30	474
290	377
366	142
387	251
374	187
437	286
322	86
467	378
232	132
261	80
236	162
310	445
439	305
307	472
292	16
302	433
241	237
88	443
308	67
243	127
330	175
351	208
450	450
313	34
314	319
391	413
248	161
354	237
266	281
301	4
189	472
553	470
155	387
299	133
375	260
273	173
441	255
427	235
334	98
275	124
296	11
365	261
263	482
315	61
277	210
313	28
444	263
190	474
390	343
269	131
249	163
244	494
311	70
222	183
417	323
148	309
56	461
278	57
385	209
397	381
119	397
302	303
216	406
365	148
130	432
233	134
298	95
391	279
464	287
372	202
279	92
391	161
301	46
203	409
149	303
268	374
359	499
177	293
388	387
325	496
274	54
409	335
406	291
394	298
342	277
339	114
365	139
316	53
321	177
413	517
353	348
483	393
297	114
311	247
352	426
322	223
371	429
301	37
266	117
310	232
444	292
481	375
362	129
308	91
319	309
215	218
223	203
194	300
444	286
203	332
229	474
207	197
349	474
296	48
292	73
347	297
243	292
167	427
274	166
457	434
464	297
114	390
532	478
331	220
290	170
253	484
383	399
189	203
266	232
447	282
293	425
125	383
216	273
311	115
297	234
294	63
326	214
298	9
200	304
320	203
299	387
307	104
165	502
262	254
162	307
327	71
300	177
175	254
435	244
215	502
307	171
464	428
300	6
306	17
365	145
237	234
288	112
295	110
307	22
294	136
289	51
293	14
339	212
254	346
282	138
387	423
366	165
387	406
475	438
278	43
130	498
459	494
285	175
302	7
447	362
219	203
294	12
486	406
244	157
340	80
307	60
371	316
425	229
280	131
322	451
247	105
358	129
335	112
218	380
295	28
454	517
379	145
333	83
506	510
315	446
452	279
330	145
164	387
319	144
326	64
324	48
182	344
396	242
402	236
215	158
380	274
283	168
289	79
203	286
310	59
363	508
310	140
256	103
335	334
548	485
343	112
314	249
340	411
404	385
196	190
201	430
300	22
184	400
181	504
314	235
503	519
273	352
245	364
309	367
238	232
274	455
300	10
188	392
295	14
474	446
324	83
258	91
304	57
263	298
393	346
184	355
430	316
289	410
154	487
349	474
336	91
207	315
372	203
301	423
319	359
461	383
330	76
259	320
428	433
474	449
279	162
351	143
255	102
252	87
299	23
307	47
254	171
503	439
424	358
322	53
472	511
247	151
313	31
261	73
311	45
398	209
297	345
200	404
312	29
100	351
376	138
280	222
568	490
439	409
260	283
236	289
289	77
561	513
302	38
393	269
285	192
316	38
317	80
298	185
493	384
242	182
237	480
339	94
203	261
351	319
513	482
374	185
194	351
233	261
268	257
244	249
321	81
548	478
331	163
212	506
468	443
176	223
168	284
185	499
348	293
475	421
44	466
304	123
100	427
287	73
264	170
258	128
355	188
283	195
356	178
283	461
342	350
320	72
303	288
221	403
329	230
218	191
208	392
294	340
268	394
291	254
176	308
440	336
290	239
289	76
450	514
346	116
300	2
231	293
409	429
350	358
300	40
309	114
279	110
131	453
359	380
472	453
272	92
250	392
494	446
457	314
142	473
115	372
205	251
300	1
251	151
294	248
349	337
284	382
310	28
351	218
375	139
319	48
135	429
472	359
320	370
260	76
190	268
355	97
299	20
442	294
443	359
216	477
280	293
522	399
174	418
328	430
229	342
300	6
339	273
330	81
55	513
366	129
303	61
482	414
474	371
251	384
383	151
389	167
216	447
251	99
288	87
313	217
263	82
119	368
273	82
323	176
297	137
396	285
481	460
399	196
216	172
240	356
279	351
305	27
353	142
307	468
45	479
283	53
415	294
194	240
424	329
262	439
555	487
471	404
109	407
261	409
280	136
319	446
274	143
251	135
255	126
411	449
316	82
329	77
302	108
244	332
194	236
310	414
281	264
315	375
377	234
461	397
315	56
346	265
331	213
39	494
340	519
348	270
57	435
273	376
237	401
283	48
296	90
364	325
307	470
300	8
200	482
71	479
258	409
345	511
243	159
324	80
281	65
310	387
340	111
300	2
320	145
407	385
456	381
351	341
336	188
312	79
432	231
498	500
336	75
354	358
334	336
452	516
233	215
72	424
336	220
297	11
412	277
274	441
300	50
282	492
249	134
282	190
300	7
276	45
310	22
449	305
139	460
233	475
306	384
402	479
291	145
357	177
277	353
163	449
312	235
158	267
301	15
221	384
347	191
264	177
441	386
279	168
181	212
466	354
335	71
140	353
318	86
105	396
339	113
283	35
458	395
282	70
171	410
233	137
281	342
261	144
162	283
330	364
366	327
487	397
341	463
234	429
318	40
433	249
283	74
444	381
290	142
409	444
388	199
322	108
464	368
479	320
211	182
237	273
222	142
97	371
260	153
329	267
439	323
308	16
123	377
357	364
204	316
275	74
442	434
428	378
304	195
193	223
487	390
231	491
253	126
301	175
365	210
125	332
402	382
403	371
415	370
268	87
433	417
301	217
313	112
285	170
357	237
160	335
276	131
188	295
256	136
396	350
277	174
236	129
271	121
270	490
291	89
213	345
85	406
323	377
340	72
228	190
502	497
70	441
267	272
498	448
281	53
218	392
470	389
261	101
567	518
530	474
269	274
445	292
535	461
364	505
337	335
251	506
392	198
245	329
308	395
301	10
309	52
422	306
341	82
239	468
336	317
315	41
195	498
176	335
197	204
455	293
294	111
282	97
390	242
490	500
352	117
526	507
291	292
538	494
335	131
518	467
403	325
197	230
145	351
205	209
307	106
294	216
371	184
299	8
168	331
340	119
307	120
291	418
273	108
505	390
290	476
296	242
220	422
375	299
250	244
344	114
130	351
314	114
505	415
298	44
325	181
262	88
340	111
329	216
237	118
430	391
387	492
277	82
325	235
269	122
406	348
247	369
300	2
282	192
499	411
347	128
273	173
278	132
356	327
250	138
275	59
356	431
301	127
460	313
260	223
92	374
312	251
294	55
268	138
300	1
230	163
286	245
279	46
351	128
299	34
269	276
284	90
296	20
309	243
331	371
289	74
329	401
179	365
311	288
333	170
242	263
228	160
279	428
379	367
300	134
200	237
231	197
433	337
214	489
404	270
186	476
272	59
320	438
232	142
473	507
468	516
279	157
298	10
340	307
352	306
360	222
303	28
111	415
253	163
348	138
305	94
297	88
300	350
360	135
307	75
107	423
215	177
284	31
127	432
466	319
261	278
384	234
460	456
274	81
272	177
127	463
392	315
442	370
374	235
259	145
254	412
211	371
192	248
345	130
300	71
306	242
302	35
393	339
396	306
293	34
300	152
296	172
293	457
130	390
137	360
396	216
299	6
220	513
310	302
278	324
155	324
232	141
288	229
72	497
394	288
254	492
409	248
193	231
338	353
465	410
280	203
411	222
297	434
321	45
433	268
302	68
334	134
422	280
380	519
287	80
391	241
274	340
300	14
207	226
325	228
338	85
299	148
302	8
310	183
277	221
250	266
189	244
176	309
361	401
170	264
343	144
295	83
301	429
361	240
217	491
171	500
152	319
190	444
247	137
71	510
429	491
306	73
465	474
316	35
219	183
178	356
309	351
268	201
119	383
141	443
351	488
274	101
290	156
220	260
311	160
340	435
313	29
449	306
319	52
220	502
137	444
396	408
143	439
427	488
323	124
493	449
336	518
400	371
273	86
361	143
252	225
229	144
286	214
120	343
409	312
221	494
430	233
395	496
301	23
195	358
207	510
379	516
231	158
449	428
232	266
289	240
92	398
78	442
535	440
148	455
294	69
176	284
324	47
338	110
303	7
269	73
187	245
134	422
374	210
169	455
403	322
296	114
246	236
296	40
469	519
385	329
365	416
333	154
419	306
392	501
212	481
273	237
268	200
461	416
383	211
344	214
301	210
139	397
425	248
287	68
439	341
317	244
367	383
148	357
448	347
300	502
328	293
358	191
300	152
319	35
314	246
333	62
82	416
311	375
260	339
271	463
335	360
297	158
321	437
209	315
257	519
279	382
358	363
338	167
343	107
264	159
401	268
251	99
97	375
190	395
297	177
269	383
381	402
319	280
94	476
271	150
262	102
531	494
379	204
260	356
503	480
331	90
516	398
424	429
327	73
376	195
133	480
220	178
294	28
266	119
221	316
285	211
342	216
295	64
135	441
300	207
444	395
352	119
367	305
269	131
412	457
313	30
251	161
359	461
381	250
182	242
305	21
355	248
477	430
303	48
268	78
243	306
300	4
360	168
67	469
248	117
300	2
324	248
302	6
354	379
314	83
447	497
395	493
238	456
320	65
323	217
185	324
328	263
358	117
250	309
303	14
314	406
347	107
282	81
316	141
182	475
242	224
251	117
300	3
370	169
271	310
295	46
369	236
329	317
300	86
129	314
336	395
280	46
166	285
332	493
373	458
292	46
253	305
345	196
240	230
245	138
274	56
179	345
344	125
300	14
347	156
286	320
237	270
397	252
462	465
316	151
308	73
345	107
445	478
235	347
180	303
179	313
181	514
269	105
266	122
369	224
496	426
363	316
257	135
314	156
228	223
176	353
306	73
269	177
206	435
218	209
102	348
493	397
508	470
429	390
404	320
251	258
312	301
246	335
184	275
87	413
315	481
302	179
294	35
276	61
380	509
219	470
526	473
400	230
324	463
339	102
305	35
285	329
235	195
455	427
341	255
296	403
130	376
376	397
247	421
342	315
117	449
447	499
291	137
192	329
11	507
245	155
319	385
166	260
219	161
479	315
75	433
300	199
298	103
289	239
326	203
342	77
314	441
258	491
272	245
215	254
394	370
231	389
369	153
311	74
295	74
281	484
499	483
240	228
337	518
300	3
283	63
388	177
288	45
399	514
411	273
188	298
343	336
46	480
284	34
350	90
320	293
383	396
246	151
146	383
215	235
287	459
312	119
305	69
308	32
249	411
300	6
263	190
300	2
325	88
319	126
293	400
172	416
207	436
420	287
37	514
301	105
290	96
347	319
285	85
61	454
199	314
262	300
409	230
246	287
400	240
400	274
380	460
308	23
277	61
252	204
515	510
490	389
434	260
334	118
357	192
317	181
409	319
320	250
246	500
341	407
310	187
330	450
128	379
189	487
309	147
264	204
300	311
325	512
217	423
276	384
364	348
204	202
302	116
116	321
227	339
293	161
378	248
353	145
243	493
333	275
492	359
173	233
300	24
359	257
357	110
285	216
354	360
212	197
267	142
342	399
207	247
480	406
237	259
352	136
414	300
278	231
240	252
288	134
212	174
58	489
304	19
218	507
124	429
106	443
292	382
320	124
289	154
367	240
236	330
245	413
230	234
141	429
298	69
307	54
309	57
344	299
336	81
276	58
98	432
258	321
266	435
324	116
316	285
284	64
401	226
99	353
298	28
305	169
489	421
240	240
291	17
295	164
422	313
309	279
171	283
377	392
300	54
334	280
297	297
111	368
396	418
158	430
218	482
384	170
215	233
316	103
318	329
303	255
283	47
360	173
198	215
244	161
320	97
289	410
186	243
180	222
224	263
52	508
212	474
291	35
490	415
320	178
237	496
174	254
460	304
237	145
49	474
426	273
303	100
240	384
208	176
248	263
320	86
274	269
345	336
475	394
269	120
110	359
268	440
278	220
222	370
307	17
313	26
259	330
261	92
364	390
259	444
325	151
265	284
307	50
349	116
278	109
254	112
318	190
247	200
429	326
404	217
410	409
418	273
279	242
249	225
201	419
195	458
104	423
307	302
261	93
455	274
300	10
244	433
298	45
425	465
323	99
515	471
140	468
379	416
159	401
316	63
303	228
314	47
401	296
289	133
235	244
262	116
293	201
385	370
437	331
318	116
347	507
300	2
279	46
152	492
263	475
301	30
472	395
342	510
313	31
335	181
318	121
316	150
452	382
235	338
476	438
270	218
327	131
268	168
397	224
292	368
82	490
334	390
287	319
37	501
277	72
189	424
296	12
296	429
171	371
311	40
200	481
437	512
439	298
170	326
218	335
56	512
317	62
254	136
263	121
131	357
372	472
465	378
333	119
35	513
346	152
395	467
347	510
306	16
428	313
137	337
552	469
232	124
298	190
260	138
465	357
314	343
460	287
175	418
278	154
390	316
413	474
118	456
294	15
319	316
178	301
267	118
230	456
294	204
303	275
361	165
419	211
274	472
391	319
317	156
171	286
337	92
169	482
427	306
294	28
281	70
218	400
257	274
484	367
287	440
420	406
256	101
225	510
298	26
520	389
470	403
369	418
387	218
196	329
237	182
310	98
315	73
322	66
336	103
267	398
298	162
323	166
414	259
119	384
306	55
243	362
394	204
337	167
130	415
315	47
379	363
224	245
275	494
296	26
271	439
284	178
282	67
250	158
243	153
291	91
299	24
144	424
135	355
303	18
352	422
417	382
367	426
91	381
331	153
272	453
364	153
307	151
266	75
283	32
300	82
289	277
357	254
301	68
263	178
502	487
299	327
532	441
334	87
354	129
307	24
165	451
422	235
306	16
294	54
466	432
170	227
103	431
396	203
106	375
282	235
319	51
479	343
209	180
51	512
394	424
279	221
246	123
347	430
283	217
305	129
231	222
170	427
418	218
298	26
307	211
319	313
426	383
182	396
270	131
328	93
316	31
207	326
316	519
276	46
213	321
287	209
395	166
33	491
245	497
198	496
247	285
243	263
283	85
324	115
445	431
177	416
522	390
296	93
265	477
557	508
245	177
273	382
400	322
444	515
264	106
260	135
340	116
307	518
263	93
237	518
388	187
359	278
392	190
300	59
295	22
157	504
205	328
396	359
285	202
464	445
385	276
454	312
319	513
294	60
85	510
289	41
130	345
449	468
156	255
399	290
348	93
234	150
140	319
309	207
359	150
252	121
95	425
296	247
234	229
386	336
466	309
254	185
465	453
554	508
422	396
211	189
292	27
287	41
300	449
317	68
288	125
332	494
317	78
315	103
237	272
377	426
355	194
232	268
345	164
272	268
231	237
242	458
488	395
334	97
288	188
366	273
491	410
303	24
236	165
363	149
401	448
396	337
425	485
312	122
132	413
253	129
250	462
340	119
333	61
243	138
265	182
340	145
395	240
257	99
426	260
334	145
179	368
183	332
384	187
290	351
341	82
159	369
380	194
344	87
388	359
157	342
213	328
397	264
372	196
454	442
372	155
413	364
400	481
254	303
324	452
217	442
226	147
402	502
397	486
350	452
322	216
294	19
268	76
332	260
269	187
249	160
296	48
460	453
319	418
273	448
399	395
352	99
310	25
125	350
258	219
263	95
306	18
287	28
386	481
380	197
303	170
419	444
396	217
197	267
319	109
299	9
343	178
302	13
378	267
258	320
330	254
303	9
312	69
234	140
495	518
323	255
312	222
349	215
209	291
317	277
282	37
431	327
155	323
357	159
263	349
356	215
299	11
286	249
415	387
412	508
366	177
487	403
279	74
84	393
410	223
66	505
362	229
343	130
315	91
461	286
393	336
312	25
294	88
510	388
144	445
308	19
343	228
256	96
371	228
227	274
378	446
318	41
181	406
216	442
125	397
303	43
414	338
388	410
406	495
513	435
280	270
304	57
298	44
358	115
134	402
299	196
153	282
299	443
236	138
301	4
407	317
259	212
232	160
80	409
242	242
524	515
226	351
182	373
236	166
349	138
488	396
163	383
300	246
277	84
329	67
257	431
324	46
279	40
299	50
257	338
301	385
289	83
339	343
403	275
450	307
550	480
284	138
242	473
290	36
300	22
327	81
383	211
243	125
268	140
192	367
312	54
426	248
260	383
312	54
319	63
332	60
269	119
327	246
259	128
354	229
277	463
321	48
521	497
396	373
392	317
479	514
287	132
263	74
156	282
305	20
269	102
305	305
382	212
338	92
237	499
469	430
330	204
264	209
311	124
111	470
218	365
152	429
314	101
369	158
305	146
397	514
55	484
109	429
75	455
252	369
47	506
183	403
256	157
273	375
311	62
451	407
319	442
336	253
327	108
328	78
301	393
324	310
277	45
243	311
358	195
250	293
327	237
296	112
226	151
291	316
186	403
287	38
328	330
296	14
570	478
515	515
261	362
447	410
223	184
310	145
215	455
280	90
448	367
246	253
52	491
249	315
333	65
261	351
414	211
240	230
236	395
409	398
289	245
375	190
190	336
228	426
316	52
70	432
276	390
326	114
264	410
350	129
122	359
419	390
473	514
346	180
328	377
347	423
517	439
345	92
282	49
271	483
139	433
297	341
364	126
244	212
256	125
146	406
351	157
276	97
256	404
107	339
486	329
482	487
294	250
466	315
273	217
309	272
320	326
295	50
306	95
474	319
382	184
331	253
197	205
339	242
201	439
308	15
72	467
300	183
264	339
200	506
207	205
320	256
239	158
107	384
155	472
320	402
136	326
127	333
156	401
317	39
302	19
228	156
291	103
417	290
230	357
396	190
331	94
443	288
449	432
455	287
419	222
357	463
197	435
519	423
414	351
279	152
121	348
476	447
458	390
289	200
258	481
314	353
170	427
227	251
50	465
541	471
395	236
386	451
220	193
390	196
19	499
494	371
467	438
323	83
280	142
259	345
390	403
170	436
293	351
288	251
384	498
262	77
322	61
511	477
311	93
300	4
373	497
240	275
206	177
406	436
343	413
215	359
294	438
306	52
179	254
363	117
327	48
413	503
67	497
185	343
355	453
194	303
110	334
253	109
451	391
211	299
354	172
296	455
307	30
280	43
308	22
308	66
159	264
385	444
302	135
254	203
322	48
365	316
278	189
360	415
185	427
364	147
358	139
191	437
347	278
232	279
438	343
285	474
435	289
228	157
292	31
260	496
249	96
225	249
260	250
285	86
438	517
243	175
352	149
230	213
450	505
353	423
363	306
299	14
259	100
285	359
254	357
292	303
247	378
135	483
435	365
296	13
452	319
162	464
17	506
300	7
54	494
356	267
290	93
213	177
218	305
322	483
268	394
303	41
300	20
263	157
417	237
121	348
318	38
414	243
288	165
412	235
362	249
286	53
490	428
275	63
68	483
366	158
277	66
454	358
125	500
250	155
308	199
330	118
429	461
461	509
518	471
517	387
265	107
164	507
413	309
274	58
533	494
198	306
459	467
342	104
351	138
480	498
218	271
251	135
229	142
325	138
186	239
39	480
421	293
103	511
40	472
275	45
401	229
165	246
487	497
323	163
334	68
433	235
241	240
157	423
202	396
400	377
305	10
300	2
230	132
271	272
338	139
275	282
98	513
262	94
305	39
312	460
263	488
295	329
123	340
308	228
230	478
414	363
395	207
330	399
457	286
383	267
245	227
263	260
293	44
301	148
222	145
297	21
311	142
325	57
264	463
300	190
419	469
312	194
394	394
264	195
467	440
318	413
321	49
271	91
507	504
387	170
492	435
280	267
370	189
307	27
145	463
300	359
275	151
302	48
171	267
252	168
329	86
371	284
215	196
275	81
286	74
248	464
272	80
294	44
210	273
114	404
287	216
500	391
300	122
319	63
112	484
284	37
515	418
312	150
302	286
286	429
427	477
248	204
178	228
267	158
234	134
320	142
330	82
315	366
318	215
410	444
271	339
310	48
242	354
254	466
308	153
304	448
323	158
505	421
374	166
304	168
372	194
560	500
78	456
436	395
330	72
397	395
300	48
301	110
275	278
532	435
354	311
457	322
284	98