328	145
250	293
338	104
173	299
175	241
296	191
328	105
302	365
212	468
276	399
306	15
426	473
333	253
356	500
179	461
301	24
309	32
188	417
332	71
232	145
299	109
361	332
399	394
363	261
295	247
307	196
251	191
121	467
243	100
75	479
132	465
277	91
280	99
285	443
301	443
289	29
296	382
151	349
325	95
395	247
304	179
260	247
114	351
278	431
480	400
278	308
251	432
302	244
396	475
261	164
363	259
505	517
429	418
224	334
350	90
295	102
186	474
261	218
370	123
127	398
307	27
215	279
224	144
190	205
287	46
434	385
330	199
68	414
304	39
256	302
204	299
281	158
272	186
114	463
144	311
373	137
367	145
284	65
40	495
284	32
96	381
278	371
419	433
358	326
272	413
157	439
356	236
228	232
214	353
339	248
353	225
334	225
423	260
299	35
383	214
298	61
221	143
326	47
283	463
189	506
254	243
172	429
299	100
364	326
224	332
81	385
340	187
308	71
364	302
346	170
180	231
170	284
511	382
547	458
346	368
259	99
493	423
291	20
381	253
334	411
189	354
188	271
424	232
432	413
493	394
365	267
118	471
331	253
169	481
251	497
315	109
257	157
300	41
303	53
302	315
105	442
452	323
344	100
247	384
326	229
303	9
292	15
374	238
128	360
339	405
310	26
344	200
312	190
127	325
243	194
269	89
470	477
337	299
150	442
308	22
268	177
378	183
333	67
350	227
298	242
277	104
228	216
382	165
251	493
355	211
331	196
459	455
109	438
300	45
253	207
112	505
169	382
233	190
344	159
429	500
386	478
337	268
289	56
336	396
395	170
420	394
462	364
91	412
274	191
514	419
118	430
163	519
558	489
316	54
214	251
550	487
32	489
300	267
277	46
300	14
229	173
219	308
292	67
516	516
115	369
144	416
237	245
446	254
254	142
308	44
477	495
283	397
392	405
231	209
251	102
319	142
327	417
300	2
244	177
337	187
405	457
279	304
218	254
260	287
121	494
267	265
391	199
305	10
349	98
239	163
328	52
197	286
352	435
367	133
555	463
250	93
363	340
299	88
303	17
325	260
362	117
309	61
407	257
300	1
483	403
286	65
379	235
164	371
286	35
372	201
307	35
392	332
145	315
91	495
300	9
332	105
312	488
483	446
244	295
301	11
382	200
114	482
239	273
297	106
325	145
260	495
337	406
316	326
307	17
143	492
361	150
152	393
303	19
279	404
440	321
420	209
255	161
5	519
177	481
382	162
475	336
277	245
347	349
336	171
361	109
300	181
447	452
271	100
354	99
299	20
108	460
322	487
481	481
315	424
339	94
257	151
183	462
295	59
327	141
509	427
221	171
189	211
429	230
242	512
464	302
73	446
320	158
283	56
260	120
136	300
411	482
278	55
316	98
282	94
227	380
252	96
226	368
581	500
352	96
539	465
355	140
308	35
278	204
395	304
125	404
303	47
373	171
253	493
518	485
329	462
278	254
457	401
316	217
71	420
202	319
232	121
247	124
412	307
297	12
322	292
327	48
211	254
226	256
331	336
530	431
397	364
331	91
270	103
319	42
108	339
334	110
435	432
198	208
425	320
258	474
424	332
473	471
19	513
104	412
411	205
343	216
253	506
325	389
290	237
453	429
357	298
427	266
514	436
282	140
367	428
381	214
331	83
66	428
300	49
346	91
131	504
130	419
215	226
153	378
296	78
301	148
273	342
108	393
185	324
313	76
206	293
218	158
305	132
479	374
406	292
270	70
288	173
263	164
436	454
249	179
387	168
151	352
425	318
339	151
269	187
237	436
559	486
314	337
406	457
309	278
401	227
159	328
177	435
338	106
257	487
204	505
290	274
135	466
227	190
536	491
289	124
339	289
292	87
174	223
328	137
349	171
412	380
243	112
300	4
456	388
296	158
242	317
361	384
217	345
294	83
342	179
188	290
181	358
300	6
406	254
583	512
281	224
407	299
111	418
303	274
302	29
189	304
320	38
214	438
462	514
351	209
316	415
314	250
355	102
298	441
506	505
300	9
348	95
346	398
292	56
263	160
250	109
242	301
293	15
387	479
221	278
182	234
184	381
333	98
425	416
111	468
249	396
287	512
300	2
349	304
271	489
386	170
355	165
324	369
301	116
496	421
351	436
163	378
261	112
87	513
118	453
316	54
368	121
231	183
86	392
300	54
370	254
105	499
218	313
363	319
237	163
269	63
196	217
287	32
209	351
293	169
300	2
287	145
398	401
310	116
124	334
300	2
121	343
340	96
308	17
341	129
227	487
315	80
260	276
166	350
61	494
256	86
492	383
192	213
61	494
303	60
306	185
501	423
297	21
277	107
216	390
394	276
151	363
223	351
298	7
318	99
365	134
322	84
449	277
102	486
278	77
278	88
92	378
151	270
182	218
324	147
302	27
360	413
300	4
282	113
497	397
285	141
272	88
345	132
248	276
320	41
185	334
331	85
375	261
183	380
203	179
414	440
350	312
284	67
355	265
252	112
300	60
257	82
334	517
296	137
206	358
216	297
240	441
429	426
342	507
226	502
306	286
290	57
317	85
300	4
282	244
340	100
454	396
482	385
303	284
372	175
272	54
341	338
312	308
160	255
189	470
274	220
585	497
463	500
329	319
286	358
282	288
437	508
300	136
326	112
224	173
264	81
83	387
325	419
302	462
238	115
455	424
306	50
198	258
318	162
342	106
413	334
465	434
243	509
256	80
189	372
546	455
381	179
366	155
500	456
308	136
169	229
288	228
339	236
292	187
399	251
232	430
221	163
280	319
319	192
402	190
437	241
359	506
246	171
278	132
396	503
300	62
203	224
290	65
422	498
300	27
348	125
297	16
452	298
205	354
319	47
231	333
296	64
219	346
330	206
228	182
310	32
345	125
166	513
252	112
321	197
135	376
346	332
253	253
369	282
182	353
115	372
137	339
311	82
296	284
393	168
104	344
289	122
500	415
188	453
308	41
219	414
169	261
416	517
274	436
398	328
311	114
220	305
288	57
281	274
254	462
299	16
353	435
345	364
477	488
351	219
520	473
310	23
211	394
328	271
90	378
187	282
299	13
514	470
475	465
205	216
130	330
328	448
124	473
65	507
285	89
472	319
331	191
270	307
291	494
312	48
295	456
146	324
369	507
464	392
394	324
364	163
353	106
325	257
324	378
171	403
281	43
389	168
306	136
85	432
382	287
265	63
390	223
182	313
335	155
304	11
343	123
279	175
317	106
311	93
330	481
304	123
253	163
240	445
399	311
172	355
386	306
204	500
283	36
300	12
254	136
324	63
164	358
143	397
173	320
271	198
213	319
351	92
402	491
227	300
75	429
396	415
285	52
106	494
307	198
307	24
378	477
181	260
406	494
386	508
298	38
318	181
522	390
546	448
170	335
445	367
445	326
471	352
373	295
114	332
386	372
120	470
362	168
363	111
426	346
262	99
315	256
236	119
163	304
245	207
236	159
327	515
257	161
321	71
190	287
305	52
259	300
374	346
332	137
417	304
294	22
340	347
371	311
303	237
321	55
61	461
265	338
311	35
328	276
334	304
256	251
331	256
220	318
284	233
405	351
337	392
272	186
175	259
318	409
309	197
444	453
292	54
356	456
297	35
314	60
205	335
233	381
298	131
300	7
179	322
263	303
303	17
139	286
381	506
268	88
378	356
309	197
200	464
56	467
349	248
435	303
314	46
315	136
306	44
160	278
510	411
269	169
171	303
232	297
226	359
300	325
138	499
405	374
295	36
295	480
236	156
175	347
378	307
304	23
347	332
385	423
326	279
102	355
301	220
473	516
350	489
152	345
447	442
507	377
384	453
426	294
356	289
284	56
189	337
386	189
411	235
69	450
276	331
201	289
283	497
422	496
308	77
546	430
377	154
346	114
258	181
498	439
308	94
293	24
440	270
289	306
300	3
293	33
280	117
117	483
387	354
233	131
425	342
292	272
308	37
83	495
372	161
296	34
300	10
136	351
185	453
300	24
362	222
229	456
297	9
462	322
208	319
278	455
308	103
404	375
241	115
434	389
291	46
326	367
296	74
292	49
123	475
291	28
288	408
331	111
202	518
501	449
291	97
329	128
464	435
264	221
335	168
298	35
350	187
224	297
367	177
303	344
132	293
198	222
291	139
202	225
250	494
370	463
323	272
249	396
279	135
314	31
343	184
311	114
564	494
119	371
182	272
434	239
193	220
203	216
428	494
254	388
457	461
407	366
337	167
274	410
377	251
90	402
274	285
185	453
345	175
126	402
351	424
229	358
289	71
357	236
320	151
395	216
396	432
280	157
300	276
436	456
284	212
443	461
245	380
335	244
468	407
300	72
448	331
218	258
396	228
426	301
521	387
320	196
158	461
300	30
334	116
382	250
375	163
210	245
258	196
306	30
347	315
234	151
303	390
275	167
172	224
433	488
320	46
360	120
158	430
394	188
304	9
220	175
500	454
375	361
274	116
238	287
276	467
365	333
152	470
201	193
407	364
461	292
429	420
398	427
294	177
439	270
281	461
395	291