382	355
408	101
431	438
444	295
465	192
163	579
500	269
316	568
221	379
242	408
575	195
217	443
518	565
148	590
127	288
52	247
124	371
19	15
316	466
167	548
318	328
545	362
421	565
405	390
15	588
204	135
504	212
550	49
260	57
155	519
386	430
160	132
196	545
479	278
258	428
302	56
278	403
138	99
378	103
517	520
62	190
586	36
413	428
177	41
447	554
430	309
522	233
436	16
89	75
375	111
495	87
407	32
44	167
200	210
326	71
543	475
499	284
407	285
523	495
304	46
514	221
353	274
75	188
189	567
432	404
513	557
173	415
301	576
325	199
593	459
181	482
143	363
252	60
30	477
292	26
567	541
466	566
440	484
336	332
294	245
268	24
559	236
234	281
269	243
317	414
519	35
522	140
1	19
277	169
124	56
173	432
97	242
114	137
414	206
527	84
267	69
34	34
350	232
585	104
386	510
263	289
558	396
251	511
458	408
129	230
269	114
450	237
249	208
87	218
160	404
27	64
304	244
166	103
418	237
549	17
512	141
359	549
44	12
91	105
29	222
461	72
524	288
383	446
134	580
372	436
442	459
464	37
594	517
291	228
390	168
484	127
155	19
106	180
155	30
86	470
342	352
324	84
247	44
8	446
9	9
238	517
520	125
18	566
420	197
13	251
255	276
497	375
16	573
188	67
392	270
440	585
410	275
323	396
424	140
586	58
136	389
240	16
189	128
221	408
378	520
178	409
97	12
192	467
546	23
376	334
167	128
365	582
28	443
221	301
156	171
399	61
190	370
247	536
87	582
277	366
448	466
323	274
400	414
421	338
181	12
578	25
436	169
1	274
352	187
431	531
503	325
4	596
231	468
358	466
392	101
278	525
395	470
222	522
16	189
307	141
294	521
480	96
186	227
408	320
507	536
213	370
468	142
390	210
296	584
138	19
12	448
236	552
118	185
503	269
268	438
376	467
527	361
587	110
415	476
30	589
159	246
130	302
128	170
383	187
524	330
103	237
521	204
379	123
142	102
217	247
201	75
247	493
334	338
441	593
21	535
175	492
594	240
530	562
216	382
397	444
119	94
152	533
449	579
279	227
541	554
529	123
467	74
348	65
415	469
302	155
536	72
223	425
392	211
2	284
405	429
2	184
54	7
217	127
258	411
180	35
361	233
154	215
118	269
203	250
588	105
245	186
166	515
546	113
51	90
262	15
230	426
580	323
299	578
359	39
414	590
38	447
190	446
129	213
30	186
48	77
179	312
235	176
465	140
100	271
297	219
441	358
117	307
37	330
141	466
326	440
417	570
409	164
334	38
265	595
38	412
559	445
544	239
500	338
38	367
97	432
133	383
127	38
216	300
427	41
381	245
505	424
25	66
513	517
447	533
95	419
387	567
404	79
277	81
90	572
209	161
133	63
68	477
309	100
401	207
200	522
128	404
293	450
192	386
130	247
372	62
191	498
513	56
139	142
104	252
300	186
318	349
5	424
80	207
407	474
508	225
338	276
563	158
357	97
11	487
41	133
105	62
587	148
236	457
289	150
132	593
196	88
8	23
515	200
191	114
304	573
263	231
516	536
98	581
165	419
302	475
128	404
379	585
434	421
311	320
576	540
413	87
574	394
157	107
148	187
492	362
293	217
316	212
473	100
511	502
363	2
461	92
84	367
141	458
118	385
79	320
333	195
416	504
383	180
367	389
413	283
220	90
593	282
584	99
591	20
280	580
200	395
123	21
594	170
579	542
403	236
200	493
100	72
368	377
115	154
299	537
592	558
346	519
49	163
463	106
361	154
184	28
379	26
397	42
36	378
81	81
526	394
230	323
225	582
25	429
253	359
564	580
450	408
58	316
192	490
165	69
371	300
203	530
590	403
599	303
592	74
148	270
3	6
357	150
33	25
511	393
153	345
112	401
408	444
296	350
187	146
501	494
424	230
438	401
109	42
165	200
224	127
167	298
597	22
64	347
406	438
375	153
29	442
457	524
548	326
353	409
390	462
189	339
430	147
331	439
5	75
203	522
577	100
518	313
145	452
292	340
589	128
532	424
114	527
532	545
532	211
16	280
243	355
431	278
320	368
161	317
345	402
332	527
592	509
438	214
506	38
501	439
139	124
258	68
190	597
364	260
282	214
113	560
385	286
551	141
50	399
577	330
54	10
421	365
320	279
338	574
109	342
471	23
58	437
230	214
317	518
423	593
12	179
369	37
34	569
531	115
576	415
9	520
88	441
194	183
140	493
110	21
413	225
293	48
480	303
459	397
458	335
47	61
189	7
314	483
498	201
53	260
190	361
276	107
298	74
591	353
2	244
86	358
135	27
364	78
175	303
85	147
554	412
297	450
96	597
387	365
510	26
10	357
464	307
566	353
216	352
351	295
60	535
359	206
534	224
416	558
269	224
544	372
408	185
177	566
3	346
245	455
34	352
102	416
42	1
516	324
231	40
311	173
328	426
276	56
159	172
349	378
324	231
457	174
361	185
443	164
304	161
197	15
289	535
13	459
272	342
400	448
475	462
395	592
521	178
1	321
405	203
495	432
434	135
99	179
369	90
474	328
141	535
400	383
312	331
75	552
14	222
88	563
271	366
247	507
386	194
387	141
429	497
185	163
442	420
322	575
91	182
475	54
581	15
146	284
178	239
147	309
280	533
256	551
176	36
151	234
169	263
213	24
187	241
512	39
55	379
283	56
163	83
258	219
364	261
429	129
204	409
450	133
179	89
251	32
25	364
230	585
289	36
139	197
65	193
32	88
295	400
496	504
30	107
539	49
398	86
439	563
25	83
508	61
521	467
580	436
55	330
145	540
86	181
385	561
246	411
309	10
389	493
7	411
39	140
218	198
230	29
323	238
542	203
292	271
367	417
394	221
445	138
420	47
60	199
260	31
252	92
410	482
100	496
252	574
515	576
82	341
234	367
589	469
590	155
184	577
281	30
390	599
504	359
171	574
279	222
415	588
592	233
581	98
154	69
361	109
582	532
32	402
133	159
234	149
286	536
314	445
243	431
374	576
267	135
145	318
339	220
270	476
573	548
288	464
186	591
468	76
379	132
536	545
11	33
293	369
401	390
407	89
586	287
373	313
499	132
284	466
539	551
438	443
423	546
584	111
544	74
257	150
319	60
357	487
88	194
578	255
548	377
531	496
280	227
271	569
347	364
334	286
557	427
586	188
123	135
568	123
232	315
218	152
29	431
109	182
576	533
285	521
450	421
585	222
523	85
89	434
104	153
140	454
532	531
542	12
597	79
14	328
229	461
285	86
402	531
234	332
239	414
291	19
584	326
542	480
61	252
38	209
526	368
25	358
565	547
230	158
128	413
556	163
205	380
237	379
321	83
201	164
433	146
359	531
90	168
78	32
147	209
378	82
240	461
211	539
18	272
575	351
457	247
447	134
587	333
382	180
94	18
94	370
218	37
501	522
507	222
429	84
466	451
530	88
186	212
180	471
176	189
356	547
427	192
354	15
339	348
453	12
415	46
413	594
590	42
186	471
39	462
343	343
340	307
552	328
537	273
409	264
211	374
489	221
59	99
587	345
201	347
325	337
182	553
297	560
530	389
209	500
139	122
295	5
559	455
83	557
593	240
117	513
519	64
226	218
12	213
180	248
417	441
466	556
383	360
87	240
368	355
158	166
11	255
451	218
589	570
276	596
301	53
70	70
192	167
468	30
35	587
570	216
96	303
153	348
471	319
155	439
37	391
485	121
2	314
493	234
156	521
64	153
577	83
302	59
18	309
130	348
396	559
265	6
552	275
4	275
273	10
553	200
477	381
91	128
445	381
401	273
263	143
324	24
35	456
250	116
282	512
144	449
2	142
101	300
110	208
593	238
338	221
596	31
420	402
435	448
551	525
141	476
569	137
388	348
252	438
198	174
114	372
371	185
217	396
305	544
582	211
284	288
350	532
73	400
391	481
137	316
453	374
459	70
416	114
546	242
323	90
38	11
423	428
62	119
86	469
35	229
28	159
375	542
400	99
220	359
384	279
202	25
234	220
424	243
111	478
476	301
473	161
589	465
510	52
509	376
485	461
37	199
324	153
88	212
436	510
529	584
108	583
265	507
83	259
400	503
402	506
549	210
285	493
432	499
345	209
301	360
113	391
523	90
59	276
506	78
23	568
332	88
496	253
522	542
59	526
391	502
268	257
497	237
520	555
555	69
477	582
288	562
166	585
411	146
163	20
202	375
477	39
496	450
494	526
41	221
343	403
224	564
595	200
133	273
585	151
418	324
311	584
380	235
457	374
335	539
193	550
274	283
297	117
570	370
116	445
51	525
562	156
568	206
370	90
523	219
138	204
465	426
529	482
541	583
198	449
540	82
498	133
512	384
304	15
30	452
172	335
547	465
281	583
219	118
69	139
298	415
407	400
171	285
49	304
109	241
456	247
574	258
16	566
544	336
349	122
520	292
12	39
389	478
367	510
389	450
192	72
427	353
101	430
181	231
49	455
442	126
452	533
353	375
528	204
524	216
124	424
443	254
342	282
525	344
537	198
402	85
159	532
108	44
287	289
371	526
343	522
303	154
37	101
264	125
535	412
138	51
35	110
317	207
64	363
88	210
323	427
389	435
302	372
208	580
522	543
225	253
30	438
289	528
216	44
465	216
31	392
133	14
467	336
160	481
237	198
521	425
352	265
259	281
161	283
171	127
178	42
266	281
377	574
210	181
352	582
310	460
318	39
162	325
555	57
33	210
48	184
141	89
477	452
552	1
84	285
482	567
186	544
260	444
238	406
336	44
98	551
252	238
55	578
563	299
237	39
499	429
271	500
14	517
589	416
64	585
163	575
31	440
31	547
17	563
352	459
415	291
433	115
598	473
45	287
598	317
53	29
4	294
229	414
378	554
252	121
326	212
58	453
168	520
492	480
325	339
226	456
545	211
322	29
505	304
174	42
23	535
288	406
430	241
285	83
324	420
71	466
440	14
125	9
521	537
5	43
134	599
306	10
332	195
257	179
578	369
372	126
216	12
201	392
390	243
557	391
25	238
298	1
208	563
536	433
365	191
312	424
102	51
419	132
443	261
201	519
379	192
421	407
7	177
357	541
272	102
96	420
124	69
24	528
395	295
279	329
23	416
526	139
506	51
161	202
483	590
158	95
592	487
308	2
335	578
592	538
583	64
490	353
169	205
478	253
420	94
519	252
54	125
254	319
70	427
256	585
246	449
125	301
463	451
556	450
180	106
517	284
408	540
231	423
564	217
399	106
377	525
98	326
459	117
161	522
54	360
412	141
266	524
186	182
338	329
155	147
315	254
32	125
40	518
267	484
250	94
96	92
132	423
309	300
300	194
550	174
494	125
592	480
50	40
96	174
54	436
372	170
471	353
118	578
536	282
154	179
117	104
125	599
522	175
4	193
20	569
447	1
129	197
442	488
411	404
539	73
415	560
107	322
444	289
571	263
263	413
552	281
500	98
328	519
158	427
404	449
487	566
136	581
108	102
325	65
280	66
192	259
17	265
444	368
55	160
130	399
496	193
417	585
480	257
64	104
182	111
519	257
178	4
302	143
3	291
557	342
325	351
43	392
463	419
219	31
146	442
360	136
310	308
185	416
551	217
503	174
244	557
371	485
288	0
572	188
329	561
22	419
142	38
335	556
222	83
356	44
331	116
208	445
334	1
564	345
180	341
545	397
509	330
154	295
293	382
79	38
236	298
13	381
512	276
361	539
538	307
275	594
550	50
463	25
396	548
198	520
563	362
67	80
557	547
66	197
526	369
355	386
414	212
564	87
510	221
372	8
479	361
84	597
197	520
152	194
571	465
259	394
161	580
585	317
0	211
173	307
205	30
499	459
244	449
464	165
556	500
445	505
272	408
435	490
574	513
88	434
80	380
295	234
401	142
198	422
489	342
97	180
273	408
291	23
146	95
101	356
151	134
119	552
403	564
588	156
125	170
402	470
392	177
118	21
319	341
350	73
501	416
472	500
211	348
521	361
291	153
287	512
161	271
431	426
178	449
387	399
68	182
219	450
357	13
540	270
127	484
127	168
264	493
48	504
184	414
102	453
76	419
322	371
232	194
121	396
274	331
468	104
529	50
527	122
379	347
406	58
254	168
250	448
142	418
251	587
477	114
512	510
225	418
395	259
208	501
400	216
526	511
355	27
271	106
184	298
144	511
166	467
271	557
85	269
579	505
279	34
62	83
371	417
374	456
92	268
27	329
168	43
524	79
44	123
66	466
389	518
430	533
345	232
38	47
532	475
154	88
527	544
101	61
442	547
551	123
530	337
471	61
310	409
534	153
179	276
175	213
200	162
354	481
76	394
240	105
66	318
432	362
78	537
584	214
66	390
495	6
482	582
143	163
382	509
329	248
525	50
465	280
53	394
472	399
489	31
335	16
340	482
481	187
138	434
546	328
470	359
452	69
214	536
48	39
531	109
561	0
108	578
268	326
369	473
523	388
341	579
105	247
373	58
585	391
526	174
279	336
115	322
568	524
387	554
205	206
153	4
313	422
317	504
12	436
344	29
393	283
157	81
450	555
242	580
427	75
566	42
572	593
21	563
215	479
158	361
402	460
541	205
375	444
589	399
166	414
549	312
196	120
379	181
148	592
519	378
468	217
30	265
331	336
358	102
367	595
145	256
251	397
107	78
469	16
22	507
509	479
357	367
441	263
373	388
69	274
159	434
336	239
378	71
99	449
141	351
490	570
242	387
69	124
302	1
224	260
197	8
277	436
227	414
76	124
157	449
25	212
446	238
19	560
261	177
237	207
340	545
93	442
507	23
106	182
19	435
35	14
15	435
227	33
308	66
584	59
241	32
138	314
17	387
473	472
117	362
567	527
63	338
148	78
194	15
321	351
373	9
228	369
302	592
522	273
115	197
442	497
363	414
118	578
204	445
117	499
317	7
76	301
491	572
19	186
146	360
291	130
41	109
397	234
72	74
438	505
317	148
318	576
305	143
576	174
258	144
516	525
569	147
368	580
420	197
101	346
598	165
6	236
354	596
571	147
311	149
555	141
197	338
224	206
478	485
244	11
391	304
434	506
77	90
48	49
349	111
528	18
348	450
469	80
309	529
234	34
169	38
598	248
120	213
316	166
133	118
271	340
56	425
275	159
438	353
286	392
539	231
38	447
7	212
476	324
237	50
221	449
568	296
322	591
89	88
141	140
524	550
84	494
209	263
506	279
398	363
520	300
305	513
451	436
546	574
39	146
87	138
394	454
282	503
251	78
493	582
505	116
470	120
87	269
509	374
205	78
18	437
98	82
139	425
325	428
11	445
3	46
119	69
403	596
218	416
558	64
184	413
402	315
559	104
293	292
481	497
54	456
86	50
439	558
311	435
534	541
189	508
51	69
448	342
317	159
371	550
493	162
181	519
236	427
394	323
568	560
240	590
41	1
566	55
194	243
94	499
268	11
132	231
396	307
174	330
76	436
339	398
310	504
72	33
317	594
197	28
526	197
119	319
476	69
222	590
194	542
542	317
184	152
92	107
577	12
446	278
291	541
253	171
93	213
350	552
207	323
291	128
75	510
393	153
201	273
387	126
408	267
59	228
577	417
416	300
325	355
52	316
599	232
20	217
268	286
155	302
583	122
40	490
417	520
91	496
510	32
319	104
314	357
137	238
266	427
390	180
47	188
267	505
596	40
294	389
233	359
290	336
481	307
32	94
462	47
520	537
237	462
127	523
195	1
546	277
318	289
353	129
320	397
263	17
582	320
478	595
560	363
55	1
361	123
7	249
277	358
37	86
482	327
496	56
207	427
429	439
482	503
309	311
254	216
181	552
481	375
432	541
211	455
239	175
394	596
529	22
99	130
109	115
411	439
348	421
203	366
340	150
338	545
302	265
572	530
409	458
264	118
208	145
552	470
446	13
81	404
154	426
451	366
181	518
194	258
280	181
274	535
59	31
89	139
96	587
7	86
22	467
233	90
130	123
450	326
367	327
2	310
190	112
465	144
337	138
476	109
81	301
480	425
295	334
597	513
271	418
353	593
145	446
454	248
314	166
181	584
543	376
465	77
321	588
41	546
564	419
517	370
113	528
474	434
44	303
504	232
264	409
56	39
405	153
435	11
468	342
526	411
321	293
514	112
391	27
335	128
18	12
329	207
38	179
499	227
517	286
31	75
325	364
343	227
23	518
566	278
252	472
72	57
2	43
536	96
524	152
432	439
376	10
435	119
154	513
71	467
502	111
438	486
139	248
387	203
435	187
513	207
142	143
103	175
534	500
160	586
309	520
575	251
146	162
160	366
227	86
354	556
300	5
488	21
94	25
279	288
547	362
553	218
478	344
144	161
87	405
270	547
492	478
553	552
475	454
164	424
475	79
16	347
51	494
339	556
450	465
63	249
550	128
458	337
560	334
589	234
44	418
350	566
270	166
233	505
408	35
587	378
152	71
366	339
326	532
129	463
148	78
151	288
230	185
216	290
64	541
404	87
447	423
443	55
167	549
362	115
284	93
89	566
293	443
328	58
362	309
142	587
86	60
484	553
303	177
254	175
74	34
393	483
380	312
267	106
364	230
307	561
300	80
473	234
349	253
96	137
170	403
80	274
189	174
576	586
118	364
145	142
475	432
582	163
456	289
448	515
375	510
493	233
195	400
184	145
382	316
492	399
227	355
42	130
406	152
218	477
391	486
21	586
557	380
353	3
415	37
198	150
157	168
126	388
22	281
586	223
155	154
271	366
384	26
23	118
147	463
283	254
189	195
118	599
149	225
101	534
164	514
11	464
395	248
121	273
280	559
435	24
232	219
557	219
86	138
420	122
441	262
129	403
292	54
528	73
47	443
375	265
107	11
265	492
235	59
235	386
318	509
6	337
225	123
427	409
576	503
261	267
493	298
439	294
593	53
70	5
568	527
473	208
114	331
542	277
563	421
110	236
75	585
392	308
137	495
539	341
179	575
333	155
409	270
185	547
584	274
549	333
562	16
129	559
338	143
116	498
541	96
352	274
340	85
141	47
374	395
164	227
467	389
481	456
115	126
372	471
172	283
257	535
450	99
259	297
417	99
279	436
63	258
132	73
325	118
409	405
83	194
567	206
243	381
270	196
501	159
315	462
402	234
310	582
213	51
521	170
435	76
333	0
43	87
575	149
169	456
216	186
372	536
562	283
87	538
205	525
205	364
378	108
381	76
399	374
93	388
33	200
547	132
56	586
551	10
372	185
124	544
317	34
253	450
464	238
132	394
21	230
374	418
77	524
530	293
465	219
136	323
510	485
126	191
405	95
301	567
215	2
403	176
365	393
106	83
357	538
374	231
473	556
11	284
553	451
132	33
80	554
504	563
173	69
135	483
424	530
379	331
124	252
250	293
92	108
191	151
278	500
504	590
4	497
554	94
257	413
544	68
216	245
347	441
344	350
243	371
557	463
508	81
336	3
596	362
446	181
552	115
37	136
86	300
267	26
94	493
593	237
537	370
261	450
403	464
493	562
142	387
247	18
484	349
134	466
477	533
118	130
441	98
184	241
301	539
258	316
410	20
454	176
564	279
522	244
390	292
72	293
442	438
99	487
174	68
202	541
35	209
57	302
166	257
491	236
321	584
468	178
260	200
435	225
29	510
396	103
191	362
11	285
230	434
541	307
544	482
352	538
231	9
308	285
580	83
489	533
469	535
143	96
231	260
252	85
127	205
487	223
65	421
196	156
44	537
81	104
349	169
93	331
591	51
176	531
477	492
222	175
510	379
61	346
143	77
437	344
334	510
583	480
570	98
110	566
8	528
306	428
497	568
260	300
279	553
44	565
326	329
254	431
415	330
267	188
320	589
91	470
319	206
400	279
501	500
53	401
415	243
510	42
440	432
537	579
27	568
498	117
43	78
237	265
357	311
116	355
557	91
505	306
158	370
301	430
238	504
174	38
181	383
335	78
366	215
153	298
309	549
295	241
9	197
336	536
243	93
350	113
356	128
499	153
470	516
587	3
464	193
196	460
301	133
242	444
38	353
47	365
372	322
7	44
394	132
426	489
566	514
363	420
408	498
30	70
195	249
486	369
289	315
331	221
260	316
210	408
190	112
231	594
554	412
110	562
91	7
575	488
498	368
336	199
53	397
348	206
211	229
289	228
52	283
304	470
221	407
461	295
433	203
214	290
107	319
536	447
345	537
172	312
194	284
97	366
271	100
499	37
279	492
586	297
221	28
509	283
452	562
205	180
99	43
262	260
76	38
416	447
222	454
316	406
162	498
26	526
202	467
111	310
189	409
331	458
424	322
584	495
519	336
7	458
401	286
85	426
112	343
555	551
207	91
267	365
263	182
286	57
570	159
466	278
121	570
417	477
425	330
357	151
439	295
47	391
557	272
503	1
188	157
341	314
281	307
366	338
37	276
258	237
156	547
434	241
110	74
80	84
284	392
110	286
355	169
128	175
44	107
486	85
324	387
322	67
302	539
288	529
31	448
498	236
538	475
171	267
89	236
355	21
165	134
25	146
133	364
40	12
458	46
480	409
347	199
381	96
204	365
341	246
65	134
138	116
41	308
527	151
222	461
583	299
568	410
194	132
561	442
521	235
363	242
304	354
462	403
83	52
22	200
537	36
32	450
229	488
125	90
388	329
263	482
345	186
225	128
307	275
140	384
360	369
451	45
235	171
504	428
56	292
503	422
160	224
424	359
521	524
570	495
261	327
275	493
154	335
108	379
354	193
265	210
224	297
215	483
203	130
213	566
352	34
77	467
551	133
180	355
312	45
525	130
590	187
500	379
433	196
341	591
554	227
197	364
303	415
257	110
86	504
35	589
94	12
570	539
506	352
81	328
423	341
488	124
180	305
446	472
41	543
1	465
111	220
28	594
231	183
110	581
119	588
531	501
144	36
188	171
515	205
66	364
465	330
504	531
98	359
302	56
245	507
58	572
334	249
345	416
445	589
178	417
43	576
492	306
16	248
574	343
392	248
68	585
188	87
546	170
572	47
120	55
226	220
293	13
178	22
128	81
501	477
98	80
109	89
287	112
363	139
204	1
84	220
298	508
426	584
416	166
574	109
263	360
292	398
78	119
319	471
94	443
475	308
24	582
97	522
427	555
492	554
433	328
203	37
249	201
264	585
567	490
557	175
223	497
126	509
122	166
537	311
383	544
594	341
386	374
275	561
209	142
521	527
363	437
330	377
228	100
426	438
404	443
12	375
269	77
381	278
219	335
581	194
486	590
327	163
506	516
264	543
472	495
156	79
485	270
43	194
328	337
347	155
273	540
439	537
597	439
422	43
78	93
198	382
15	319
70	388
350	405
219	99
250	432
458	167
195	95
301	213
208	315
449	517
180	497
491	250
354	188
194	338
560	597
496	5
368	256
139	268
288	100
40	287
219	462
183	82
593	363
441	573
41	512
486	263
199	111
267	310
105	65
224	382
371	490
208	548
482	45
145	229
38	269
364	64
96	238
566	244
507	398
277	143
447	507
39	325
160	329
291	281
133	240
515	387
237	168
361	78
36	66
6	188
458	253
377	337
437	530
77	481
389	44
172	175
589	503
295	275
505	436
247	334
323	230
430	525
368	228
375	384
431	123
108	318
490	424
422	7
277	183
254	405
347	186
450	288
583	426
68	285
112	267
28	570
38	519
238	129
570	497
126	518
586	4
320	118
345	304
460	406
580	113
30	453
297	268
596	63
451	246
592	39
64	90
149	497
427	95
71	25
533	532
555	243
151	337
205	168
578	267
89	497
31	396
537	220
435	461
324	224
378	0
176	302
429	118
590	6
517	42
572	19
119	264
201	444
178	462
193	136
571	477
559	397
522	267
482	5
109	457
408	198
138	436
280	13
346	474
388	446
353	67
235	418
138	354
12	29
240	318
286	378
399	385
397	558
248	524
70	150
587	325
12	54
311	182
323	567
37	219
202	444
403	216
30	130
100	292
337	449
516	303
225	499
498	219
84	391
142	17
249	290
81	388
339	484
52	170
455	122
593	196
444	189
22	315
346	175
184	21
18	573
51	403
110	525
231	392
178	237
63	264
383	542
323	250
593	379
190	108
38	402
2	410
582	397
382	434
146	269
9	430
421	309
433	135
504	374
396	395
258	268
32	379
68	268
38	428
186	216
544	576
581	465
259	271
437	488
560	287
356	553
333	246
38	540
281	79
212	313
468	401
488	415
116	296
219	266
524	493
562	543
279	65
455	436
410	514
28	305
136	31
194	469
7	334
496	167
351	447
486	66
267	565
441	11
64	409
193	482
434	594
590	363
446	21
306	488
426	236
255	589
105	398
305	15
251	92
462	89
72	259
346	533
85	451
152	84
279	483
346	226
405	334
153	17
434	70
288	328
551	171
163	495
495	552
533	394
380	19
351	576
536	503
92	566
142	256
593	525
414	202
66	109
543	118
496	292
22	217
262	568
213	419
315	572
456	321
186	10
168	256
108	294
202	599
271	298
306	351
256	451
337	34
437	487
53	373
397	386
351	179
440	268
176	159
83	424
549	21
147	291
298	222
283	399
187	503
545	308
133	229
66	554
162	327
142	101
188	71
542	165
521	54
418	168
164	379
159	30
549	104
525	418
102	362
39	376
398	250
356	183
43	421
226	533
184	76
138	209
374	289
446	57
327	127
151	464
389	492
428	20
17	534
68	577
96	583
372	381
64	262
492	537
392	259
36	569
541	279
77	305
361	110
354	195
181	490
348	297
287	53
597	131
328	186
132	62
36	17
327	306
444	365
559	566
584	516
445	233
293	498
82	40
255	114
141	103
88	563
381	142
207	18
414	90
51	266
241	68
102	573
251	522
599	493
87	448
447	187
528	323
398	515
239	346
126	74
515	121
484	590
454	579
15	168
75	467
105	584
246	319
266	238
204	114
284	552
506	100
74	101
241	312
225	196
134	323
536	570
504	20
124	70
91	236
556	555
321	98
220	537
120	83
452	152
7	573
456	251
361	223
539	525
164	55
532	458
212	311
307	364
569	229
181	9
71	189
370	69
35	53
56	586
59	300
104	520
502	408
102	66
131	444
47	591
398	346
427	482
573	130
49	63
552	431
586	73
543	66
165	93
357	94
434	189
554	559
403	586
439	591
467	401
491	151
426	328
426	518
185	70
484	361
280	508
76	463
248	4
103	360
402	500
324	497
189	15
547	207
511	48
278	70
291	548
140	540
113	451
364	567
467	419
63	239
363	289
302	17
498	236
210	313
235	464
363	108
366	316
424	167
241	409
21	96
257	39
307	535
198	173
73	368
36	284
32	288
574	209
244	264
165	526
6	235
517	404
214	369
41	199
414	573
365	238
170	290
361	581
180	524
254	361
276	38
409	447
468	224
196	369
153	154
436	86
349	465
253	477
154	564
393	334
81	13
551	373
440	167
56	420
114	136
558	163
321	460
29	287
374	395
539	244
153	208
188	376
60	47
357	486
97	51
450	156
596	545
516	162
260	84
498	550
115	246
72	496
556	535
421	543
92	229
238	575
81	217
360	448
535	417
195	508
105	552
338	388
525	78
390	47
136	69
570	569
89	561
458	84
498	467
148	93
88	243
529	189
156	223
493	162
161	500
297	42
422	31
434	484
382	257
290	283
250	469
125	231
281	423
334	513
62	139
71	523
367	183
344	426
86	143
566	338
112	499
157	196
410	350
448	174
316	285
469	575
414	161
390	285
127	228
2	413
292	388
506	47
485	447
591	587
243	492
336	84
78	121
385	383
67	575
48	431
290	278
561	249
46	397
194	575
286	562
280	356
344	290
120	179
221	582
266	52
160	147
543	19
152	140
395	382
348	86
109	596
118	72
268	357
0	420
52	313
203	478
470	321
175	409
597	516
405	400
172	151
560	408
62	565
569	223
389	46
10	496
268	63
418	463
432	445
567	443
481	567
434	181
342	168
332	508
582	254
543	42
235	218
271	382
57	476
527	22
13	314
263	393
336	549
595	583
339	280
344	358
476	581
7	322
486	158
44	327
375	221
64	390
35	505
90	146
397	253
404	70
150	502
257	509
134	41
389	29
583	415
341	80
146	95
102	193
289	366
169	368
195	501
171	250
318	454
299	64
526	540
349	33
139	463
556	119
226	449
180	515
442	528
244	574
534	152
218	366
418	61
353	585
567	161
78	553
185	208
305	539
583	494
470	277
546	176
154	412
366	128
483	535
175	447
57	548
45	22
144	421
7	237
167	503
366	439
331	198
360	208
485	408
29	597
162	533
494	158
193	327
121	458
239	236
369	591
414	453
283	131
124	587
171	77
584	29
220	362
375	168
271	484
429	483
283	45
263	493
387	188
44	174
125	442
4	71
574	212
321	230
427	85
290	450
226	239
519	200
55	237
366	360
82	352
260	439
110	380
407	385
525	471
368	178
182	517
518	250
121	339
501	531
297	438
70	96
408	247
408	508
16	125
556	323
29	63
102	585
457	477
559	77
239	553
31	194
593	280
136	218
533	175
38	63
418	547
171	216
328	457
71	172
542	135
524	238
549	501
111	389
57	500
43	342
415	185
39	48
378	413
488	196
136	356
513	79
322	344
590	174
232	554
377	157
170	501
427	451
412	271
220	86
481	460
598	262
200	288
84	305
428	401
440	523
237	511
97	39
140	65
595	574
595	294
24	394
403	364
581	176
375	512
280	41
342	475
133	363
142	596
264	400
492	128
404	491
160	508
170	146
396	122
446	12
221	375
411	281
323	120
582	216
507	572
480	393
3	243
516	392
157	137
417	314
261	574
226	416
461	189
369	381
575	271
306	533
338	100
275	236
390	45
153	80
482	64
462	403
157	473
495	569
97	562
514	507
123	431
189	446
39	480
152	51
217	308
28	28
382	158
414	511
473	487
420	10
433	72
496	379
88	321
362	179
70	515
119	279
20	487
136	417
236	369
430	130
253	252
120	580
277	475
535	176
280	113
81	299
581	230
25	573
495	479
456	432
528	169
181	313
73	161
160	542
215	579
428	68
192	69
522	323
219	303
138	400
590	585
37	80
448	425
110	132
486	479
302	45
163	543
463	229
465	467
128	40
492	554
271	293
93	529
70	53
397	340
60	166
535	266
579	36
192	546
538	533
306	301
232	359
396	473
265	281
181	31
238	411
503	147
580	138
233	390
431	84
509	57
472	220
24	295
433	3
415	31
289	27
527	437
458	377
141	76
248	455
124	419
596	403
196	409
599	599
368	46
466	77
384	215
82	511
77	549
49	137
211	195
511	100
48	11
312	7
523	228
70	268
472	193
255	148
343	233
298	272
76	382
563	413
42	276
334	123
89	473
320	218
327	555
361	561
594	266
45	277
546	363
201	515
109	14
179	122
109	350
283	176
220	322
254	519
87	196
321	219
416	533
538	227
6	554
297	137
24	544
150	288
126	552
597	313
120	470
76	314
224	140
293	348
258	478
238	343
228	242
334	164
48	254
210	46
406	405
86	398
438	575
527	490
292	292
132	50
132	309
341	150
157	80
60	335
346	430
216	161
459	266
289	145
314	576
438	193
154	407
465	333
402	444
484	161
310	389
420	225
182	543
187	212
200	61
5	86
497	366
49	305
561	96
335	199
573	247
144	39
5	20
520	121
53	284
280	0
513	286
216	555
186	408
322	479
469	351
579	317
251	305
346	155
235	418
74	322
522	470
21	180
557	465
166	487
542	97
152	267
250	92
69	300
275	252
158	179
233	515
250	167
67	373
434	364
443	241
144	518
264	259
456	420
221	329
199	459
494	232
280	54
267	114
518	575
437	558
587	317
270	85
62	209
541	164
331	391
223	163
333	382
25	433
103	347
73	1
240	265
220	405
36	37
226	117
415	233
134	516
580	39
145	440
500	183
134	12
522	263
81	243
364	319
417	475
324	118
132	412
548	316
26	244
535	508
105	168
404	509
543	232
246	159
535	144
335	509
362	183
387	114
343	238
432	204
109	478
516	544
532	302
351	304
188	432
303	56
382	375
378	161
70	112
213	551
282	217
195	534
212	490
378	380
435	455
536	426
376	455
467	324
588	436
373	363
479	55
550	364
347	543
291	319
359	302
437	445
559	241
461	62
321	585
435	479
387	346
421	269
471	536
292	344
112	569
75	599
39	316
217	548
166	203
398	59
557	407
113	204
91	89
216	203
428	144
121	0
489	44
69	80
430	30
565	208
556	138
4	297
119	298
379	36
137	200
36	410
525	551
119	105
400	487
440	567
386	155
49	436
547	377
403	576
280	285
56	494
572	202
308	332
363	486
362	416
186	537
459	88
106	370
577	542
260	502
209	278
94	206
447	502
475	155
227	137
337	137
26	191
52	381
408	165
568	5
320	228
340	106
254	577
313	308
123	433
513	563
280	278
197	597
254	410
343	329
386	78
182	70
86	264
448	24
370	384
258	145
330	293
522	168
489	128
574	33
315	212
461	305
136	497
507	19
124	244
314	44
219	180
395	80
298	492
412	327
553	240
412	23
548	14
410	382
577	394
332	5
331	213
211	100
309	27
282	566
219	64
424	258
370	471
363	538
592	335
525	588
502	282
259	115
170	370
191	537
256	10
375	371
321	39
382	561
380	250
337	192
80	179
220	22
4	490
387	194
141	581
485	157
511	370
498	489
319	39
581	372
220	342
548	17
294	126
540	323
31	568
498	167
359	247
324	421
19	298
222	442
237	370
241	78
487	595
62	397
88	313
496	156
297	407
6	489
505	495
584	23
508	249
409	221
83	578
315	274
221	243
185	136
124	194
37	18
482	586
298	570
393	578
499	347
98	476
562	456
85	340
205	368
455	467
467	495
306	543
237	194
542	120
143	302
45	170
445	589
524	306
291	238
238	511
572	384
435	95
92	179
453	427
353	179
515	256
12	225
358	258
62	312
416	46
117	457
77	357
222	20
474	113
100	67
506	317
38	372
456	525
63	540
350	542
71	131
227	412
599	471
596	335
250	400
521	497
566	173
304	527
330	106
423	25
42	63
242	439
149	278
533	225
272	136
580	275
395	340
206	68
113	549
71	122
597	327
92	460
543	142
354	284
558	411
312	14
544	468
419	129
365	71
335	288
578	43
130	109
417	219
189	396
445	303
461	32
387	544
126	484
124	200
238	0
503	156
255	237
27	24
46	511
522	245
393	462
73	329
558	273
157	467
310	288
527	569
496	332
288	368
10	117
104	591
410	527
175	0
130	82
126	189
562	277
168	171
16	551
43	253
90	465
11	488
388	35
245	190
437	361
128	426
572	426
535	543
448	398
596	116
220	249
334	408
177	367
147	6
326	222
441	101
403	379
95	487
347	418
416	20
112	69
199	418
416	312
414	83
93	591
408	203
562	189
375	501
369	330
255	297
9	263
338	556
509	169
533	395
48	584
23	325
332	316
569	341
42	443
369	265
292	232
73	490
175	563
108	200
268	521
137	233
132	136
63	565
275	105
169	481
406	259
35	30
239	264
570	350
575	550
539	91
347	516
529	188
367	166
322	492
582	80
59	88
476	179
127	197
243	558
135	276
513	36
83	308
563	118
62	18
490	542
216	582
116	63
502	181
478	379
284	375
445	355
522	333
388	221
532	473
439	285
195	345
350	194
105	465
173	203
458	220
112	310
165	415
228	157
314	2
473	278
550	420
67	582
402	314
40	65
170	451
188	304
585	571
199	399
449	26
192	154
568	504
132	275
270	80
7	291
395	406
186	467
30	486
421	341
527	411
212	212
54	440
245	460
501	438
258	88
176	347
138	79
181	3
370	65
398	126
432	307
396	590
544	77
349	547
55	349
286	316
389	50
539	164
160	526
299	319
547	280
233	448
597	302
301	320
358	188
586	77
436	571
304	341
476	481
425	125
109	176
513	386
574	62
526	443
503	337
367	369
556	164
185	468
54	259
501	68
140	327
261	369
280	246
309	143
300	394
486	329
10	516
325	113
507	21
251	537
199	337
214	121
259	584
188	229
81	242
15	522
521	239
76	125
453	224
278	505
219	109
167	195
499	116
519	19
224	99
573	161
300	242
554	482
395	328
445	38
306	80
233	527
32	583
418	287
74	421
366	502
253	182
329	407
212	116
313	494
354	403
17	353
457	264
136	0
233	375
17	178
156	272
581	77
470	332
196	202
298	42
395	139
575	64
416	537
233	240
129	462
196	42
146	356
292	352
156	256
543	554
163	519
84	125
152	539
277	426
598	497
272	345
128	19
452	273
343	333
198	261
185	566
466	260
84	373
135	188
307	493
307	244
439	183
46	125
135	258
595	509
370	226
17	160
241	98
248	506
346	31
566	205
47	50
449	396
196	33
447	130
471	468
393	98
571	95
238	204
85	593
539	360
383	287
145	250
306	237
191	394
46	242
110	190
197	423
372	319
230	5
399	125
158	88
235	152
432	3
431	468
589	545
58	199
95	277
499	139
463	327
294	163
454	396
66	91
337	336
95	88
85	299
221	25
370	69
31	113
61	47
343	354
333	472
27	0
270	416
437	439
460	589
288	561
583	287
478	392
229	2
62	589
70	112
331	242
9	232
0	74
419	431
32	547
503	233
402	253
145	540
529	466
477	570
9	18
333	225
541	329
519	360
574	583
36	352
14	589
589	572
323	423
593	31
566	34
145	369
331	467
236	141
508	433
166	138
462	152
395	148
76	211
34	342
74	453
468	359
538	268
356	54
506	459
536	203
127	107
14	371
355	5
202	103
81	414
139	106
465	415
558	197
279	368
529	41
198	449
130	105
74	541
232	1
3	267
255	182
118	66
313	332
525	48
160	46
398	47
200	357
337	93
321	336
186	398
554	213
343	24
137	497
308	139
575	593
434	51
192	230
14	363
440	39
469	224
233	365
61	359
89	504
263	124
144	289
441	536
104	340
504	246
117	205
82	122
36	59
385	158
239	525
340	347
470	392
463	328
370	130
363	306
426	198
249	248
545	580
439	154
111	92
317	310
507	535
305	574
354	195
142	81
313	441
3	196
287	12
0	277
590	167
20	20
496	28
402	7
245	429
169	216
58	225
578	269
494	237
381	427
143	51
124	192
42	540
481	212
63	438
115	515
298	418
507	250
205	140
414	379
475	560
435	286
591	30
324	86
315	505
105	198
414	217
255	406
85	235
448	198
569	562
69	485
425	573
366	6
414	453
353	216
188	112
17	449
545	47
30	110
342	512
330	337
90	417
556	280
102	362
365	230
67	477
432	352
544	29
391	566
551	88
72	515
167	59
174	491
212	344
164	89
442	142
52	98
161	150
446	129
506	197
468	240
496	499
114	208
506	278
363	21
309	268
110	192
254	435
480	482
356	135
483	178
84	95
563	268
318	492
289	543
325	216
537	32
148	478
558	168
404	508
142	183
234	242
328	587
565	126
297	433
29	53
405	519
223	343
379	563
493	248
386	516
522	39
399	99
467	149
33	541
257	11
307	440
347	256
280	375
81	246
446	588
155	456
488	481
432	74
519	43
426	461
259	164
310	238
452	388
297	353
429	10
566	519
384	468
93	121
12	513
117	504
290	199
122	211
592	503
314	164
484	129
321	71
155	428
196	424
554	198
330	512
56	221
503	268
367	344
594	410
359	333
174	544
251	343
118	379
383	275
233	105
422	7
54	491
155	48
33	539
453	7
50	534
246	80
7	93
28	302
264	110
254	70
280	122
3	6
243	155
427	226
27	500
33	123
397	453
24	228
408	281
283	155
509	381
65	583
578	592
13	12
17	458
556	49
382	210
263	170
421	352
128	519
394	515
337	520
66	463
335	115
110	295
390	444
224	20
311	575
165	15
332	245
187	17
517	401
508	140
570	270
417	172
0	319
226	560
105	250
17	552
340	386
518	378
19	295
333	156
139	508
508	384
143	541
272	199
485	27
376	475
554	294
217	350
345	102
32	264
126	205
214	129
193	580
253	204
6	73
545	443
266	466
218	37
400	289
534	377
593	355
547	165
521	454
314	568
294	111
279	128
516	558
69	0
172	550
286	186
411	485
432	197
502	4
132	51
595	555
128	290
571	397
459	333
508	411
200	182
523	271
148	530
279	215
434	320
144	460
246	128
197	159
15	277
261	303
373	30
526	105
457	238
418	532
436	134
311	559
176	348
237	546
386	59
402	94
265	334
129	138
153	82
586	371
152	367
595	518
10	338
339	197
519	170
215	549
425	477
182	16
500	447
191	435
142	439
98	502
343	325
308	43
298	283
20	173
216	480
266	567
318	491
423	509
293	258
584	579
575	590
156	433
217	587
533	103
548	353
203	3
318	466
484	180
85	1
320	369
124	155
40	299
230	573
462	380
206	225
216	115
577	446
518	446
28	82
291	514
311	479
297	161
459	328
485	168
79	367
561	228
598	188
8	561
45	203
484	247
120	347
139	377
108	47
504	403
175	362
598	151
524	148
584	348
530	587
163	428
388	304
421	249
595	296
190	283
80	299
436	288
302	420
374	24
123	478
294	84
440	39
521	267
486	107
163	272
264	552
499	260
247	209
246	171
160	570
567	326
522	583
492	172
308	441
420	157
515	94
580	101
585	156
208	90
529	306
39	450
215	114
144	35
477	7
169	288
583	463
430	85
32	205
438	152
558	206
433	116
320	381
5	179
16	301
448	375
163	235
432	325
116	590
62	142
417	532
369	44
110	154
231	413
141	455
46	215
536	582
521	312
221	126
438	473
351	367
356	415
565	131
178	21
260	527
322	585
256	469
380	433
80	320
535	154
494	186
578	485
406	573
153	167
430	476
291	371
340	245
416	533
214	559
424	382
377	210
431	47
157	174
268	404
576	59
425	375
15	74
412	134
516	448
564	34
200	533
328	229
1	228
337	151
439	281
71	420
457	569
577	245
269	203
174	138
372	138
257	90
371	243
258	230
574	322
286	224
159	571
248	91
356	319
233	71
231	422
451	475
46	203
348	351
387	24
550	254
294	38
331	308
599	281
461	506
352	71
380	403
30	499
24	81
136	410
166	441
367	313
408	136
302	33
573	16
356	289
152	180
180	270
204	580
374	520
468	516
62	204
320	111
481	442
268	556
328	594
107	354
334	480
266	198
467	537
383	205
99	425
175	144
281	139
350	220
68	244
498	58
68	148
161	202
110	218
128	14
202	43
101	46
430	22
252	105
203	327
502	522
21	454
248	590
105	387
48	32
126	577
466	335
22	316
480	542
294	432
488	549
169	511
111	41
467	471
547	29
441	118
143	306
374	274
567	419
407	377
395	54
512	594
425	79
312	215
67	279
535	120
351	444
473	260
229	310
538	302
91	6
344	426
148	530
576	467
336	241
385	42
141	496
493	61
355	222
62	257
141	43
277	205
98	287
221	254
91	410
191	264
80	544
350	552
284	398
282	211
15	54
250	113
521	370
482	540
251	377
340	295
450	491
355	557
101	579
187	240
62	440
421	170
13	327
334	579
264	105
78	487
95	397
518	523
187	410
506	388
439	306
255	261
214	446
70	19
316	170
510	278
201	229
264	6
64	216
100	359
398	456
233	235
5	370
225	155
104	106
410	225
377	263
409	597
190	430
506	114
506	186
410	221
560	45
365	497
75	78
227	377
504	71
486	339
245	129
47	581
435	102
222	8
174	67
159	469
333	536
305	456
21	334
459	400
592	276
192	143
515	509
521	300
557	481
281	75
219	94
524	366
240	324
344	170
514	90
430	233
136	352
202	159
247	386
405	179
132	589
76	460
411	513
105	237
486	83
439	287
338	294
508	329
379	573
119	598
240	56
512	484
457	265
207	68
453	466
364	307
424	564
46	44
449	190
535	303
369	201
572	578
111	164
27	579
553	496
429	311
173	362
282	402
22	176
548	579
426	546
108	459
0	55
193	43
375	545
31	391
585	110
339	274
126	323
85	535
173	103
142	49
429	138
417	184
386	80
110	337
180	342
273	376
177	456
130	292
458	460
573	584
346	591
361	202
251	137
358	137
259	343
367	504
244	486
303	473
42	135
297	520
125	243
423	21
422	124
476	365
22	581
93	598
233	335
593	237
570	121
138	590
312	268
556	303
94	328
514	233
449	63
376	92
154	564
2	351
131	550
332	488
278	431
371	590
537	547
80	384
478	344
69	289
263	73
288	547
198	214
468	597
523	404
191	475
535	389
183	65
228	163
197	467
167	158
291	163
486	415
273	264
372	32
531	487
12	179
479	97
346	164
555	329
28	171
131	344
15	58
280	231
518	319
212	520
29	238
273	89
373	31
1	311
48	415
177	243
587	101
567	59
260	332
210	264
33	376
248	166
151	111
362	486
420	133
348	44
164	11
153	365
384	158
588	274
582	368
89	57
425	213
409	230
88	563
428	542
476	118
273	427
531	304
185	41
11	34
474	379
8	298
191	547
269	473
405	101
337	199
568	190
145	124
323	78
380	254
359	591
140	59
115	313
327	210
514	180
429	546
114	177
324	278
496	310
216	547
568	316
142	144
42	421
439	377
577	39
194	168
166	32
530	184
273	462
55	159
479	228
208	272
87	514
14	82
486	594
203	441
378	154
49	583
420	539
552	502
526	509
431	548
516	557
28	228
544	516
390	213
509	29
399	497
245	34
160	548
214	523
388	151
159	421
214	136
360	363
319	328
255	132
455	441
503	264
533	65
403	224
306	503
57	161
351	209
225	477
558	303
500	414
38	568
170	72
249	320
467	562
112	266
407	248
350	112
546	312
337	260
15	566
269	497
397	519
210	203
63	462
302	88
229	287
318	129
383	62
109	137
186	395
535	394
427	236
439	174
353	46
533	464
479	122
147	191
263	464
574	404
370	339
362	521
115	497
118	94
491	260
343	129
103	450
169	169
39	262
464	560
24	584
108	194
88	304
586	286
417	210
487	512
14	542
255	112
35	104
580	155
258	295
483	595
176	155
473	278
230	520
115	456
434	578
482	566
150	348
388	216
256	568
7	530
273	573
449	552
114	152
180	419
311	145
189	404
527	36
299	475
380	335
364	580
573	422
547	399
196	401
518	235
289	279
204	7
132	482
36	44
482	406
176	594
383	39
297	542
362	6
43	157
542	359
177	367
284	459
100	402
214	333
300	2
263	194
593	363
574	82
267	91
457	334
14	22
533	133
306	126
260	31
454	479
72	421
444	501
315	122
392	563
521	242
154	401
501	14
67	137
432	1
316	406
105	3
201	369
30	343
181	49
328	50
159	198
253	579
306	115
406	65
515	301
401	22
275	84
9	14
68	254
105	171
449	10
120	177
358	135
453	313
494	114
228	364
323	470
417	414
407	67
393	596
346	69
529	83
533	312
470	375
42	117
394	60
575	444
208	357
439	54
559	590
320	93
187	64
76	202
481	345
271	51
200	230
39	79
589	142
178	567
351	555
305	187
178	144
161	542
447	450
26	48
24	340
185	598
448	147
240	287
449	274
526	77
199	19
585	334
50	307
574	7
498	121
411	516
427	507
269	166
343	260
355	553
34	542
355	281
433	472
298	81
356	540
343	239
251	336
81	255
380	470
231	547
338	106
214	572
201	392
149	63
470	168
332	591
228	255
587	195
281	139
191	195
223	330
223	548
166	328
405	390
246	411
47	431
179	44
221	30
137	37
118	277
111	81
19	588
312	212
125	590
100	465
138	170
29	330
594	1
13	591
560	182
37	318
83	135
0	579
421	439
511	284
51	445
21	468
243	220
578	10
596	368
501	37
583	322
75	582
211	272
20	402
206	308
420	339
375	199
111	226
376	362
406	162
490	185
254	172
472	445
527	291
454	220
282	355
90	398
412	299
80	591
591	236
35	36
24	117
79	204
555	541
84	44
498	268
317	367
341	445
271	193
59	292
29	518
318	512
328	155
37	518
403	240
307	418
468	1
4	426
519	368
480	33
157	153
240	156
361	82
254	36
171	180
121	497
222	354
173	56
380	421
473	9
265	329
450	135
444	256
37	348
498	241
66	513
549	445
172	79
258	598
412	461
416	51
446	182
404	572
427	182
586	559
365	41
357	301
9	568
0	421
247	81
173	322
13	209
130	595
329	33
388	407
277	514
531	50
237	215
365	193
100	574
158	454
4	346
573	312
453	376
410	571
205	483
396	567
421	518
543	128
468	30
530	313
84	594
566	85
82	367
203	596
452	116
229	94
427	375
331	295
296	331
552	239
19	343
562	524
462	51
504	239
256	121
281	8
461	270
48	295
427	380
131	136
551	557
322	386
30	166
540	292
416	326
157	68
398	593
125	14
564	549
250	165
18	344
61	281
348	524
274	341
521	352
521	515
417	285
257	207
216	58
348	29
127	332
590	16
537	485
367	527
299	311
408	22
141	230
154	87
285	511
266	378
435	193
552	40
30	263
31	496
309	62
303	141
59	153
334	36
305	223
245	221
47	158
286	213
398	262
259	182
220	420
138	508
578	257
6	92
123	287
431	179
506	72
368	408
422	170
225	215
538	355
291	491
429	157
473	215
576	29
326	522
221	142
217	213
509	29
421	177
10	33
261	434
419	482
4	42
390	67
211	507
223	68
372	285
199	584
51	240
424	552
525	375
156	538
144	161
190	210
338	581
88	130
221	89
139	161
343	167
381	310
561	189
573	48
117	31
394	396
34	267
593	57
341	1
541	411
229	565
321	274
144	267
105	286
44	461
575	273
525	371
33	313
181	584
351	529
315	382
338	76
418	157
416	493
169	101
101	485
267	453
395	458
533	575
49	232
69	34
410	190
146	35
589	296
158	113
266	277
103	204
316	364
389	26
321	472
399	365
286	341
326	12
303	205
195	261
557	164
340	364
593	172
105	186
428	182
29	252
353	254
296	191
178	145
65	213
375	214
105	311
221	94
355	544
130	441
263	137
287	463
294	126
231	87
111	140
460	295
552	213
529	561
48	26
337	23
577	459
326	371
404	310
198	397
365	218
144	257
29	151
333	204
309	309
41	387
400	109
248	432
154	383
485	122
13	48
206	504
498	160
467	42
596	102
397	517
392	25
276	528
272	276
337	495
296	276
282	572
296	393
364	52
495	159
146	85
577	248
379	371
359	151
2	281
60	11
319	202
264	207
443	436
478	226
280	461
408	384
311	389
490	148
563	176
412	168
379	374
336	291
309	57
300	317
582	331
122	426
574	17
58	513
168	167
121	343
247	553
435	21
355	132
427	83
547	359
492	23
109	553
24	486
505	320
21	358
436	555
496	54
447	517
113	186
183	295
382	206
208	0
179	542
315	339
191	321
535	125
27	96
491	50
499	326
505	308
575	357
39	566
195	386
319	539
329	95
334	294
537	148
521	589
599	240
539	63
250	169
331	527
69	206
482	125
550	422
107	79
284	207
11	25
398	124
104	286
327	524
118	529
461	523
204	245
184	599
118	205
304	129
459	456
247	574
70	5
13	266
210	320
227	8
214	534
407	527
56	530
294	108
278	4
527	464
135	219
420	343
16	487
252	261
67	37
444	204
362	440
548	270
497	104
29	195
561	530
400	520
225	548
378	452
167	331
20	432
109	547
462	459
158	346
347	111
527	425
480	467
474	128
334	214
54	157
232	349
435	449
174	217
449	383
439	464
232	338
261	526
321	410
106	119
500	306
73	380
195	33
560	224
67	90
473	190
315	211
327	561
142	247
237	415
194	296
82	283
18	156
289	70
489	307
29	537
117	419
474	353
307	7
30	95
361	418
255	275
590	116
438	244
574	288
145	447
210	130
246	434
276	135
194	116
504	346
298	3
485	144
425	169
339	346
385	315
471	413
541	87
594	47
298	202
104	191
21	148
211	417
343	17
408	206
174	580
97	324
277	114
154	239
292	560
367	147
202	49
234	141
454	224
371	245
413	527
15	554
334	194
355	10
490	11
258	140
135	131
250	349
259	593
269	538
309	578
379	568
167	421
213	582
279	497
196	180
118	478
408	19
264	405
157	288
129	389
47	510
449	411
478	87
446	333
52	103
145	587
484	61
419	522
413	70
597	126
227	496
270	580
175	128
303	449
141	0
515	227
291	377
202	338
41	256
60	194
579	392
59	143
428	149
58	429
565	440
394	204
355	100
339	244
207	259
574	587
230	277
433	168
473	295
492	107
431	396
185	371
286	523
465	43
552	516
152	90
546	128
170	141
80	316
136	364
500	313
362	54
190	388
217	321
349	85
396	178
252	126
111	413
7	42
253	210
276	447
458	340
567	249
195	263
182	221
129	541
139	334
168	573
136	312
469	210
4	535
358	579
508	538
556	467
133	34
124	343
253	9
59	16
257	353
63	221
249	386
306	30
112	358
481	542
408	589
180	494
490	465
350	338
379	133
203	171
482	199
417	568
293	286
448	410
59	58
243	243
181	63
224	401
134	21
276	4
354	368
327	434
466	103
23	380
549	426
33	71
266	405
162	537
593	475
235	317
34	593
411	277
422	25
46	299
122	479
115	172
137	252
92	57
273	444
166	236
414	454
169	131
258	328
161	372
54	156
106	230
250	130
59	559
584	291
433	551
287	48
36	576
547	557
70	456
266	486
151	45
402	204
559	341
53	355
515	238
6	435
288	328
254	481
14	365
47	514
355	266
50	452
393	78
35	480
9	299
458	199
494	261
37	288
95	134
128	268
564	236
199	582
282	248
322	522
273	300
95	505
466	104
38	478
478	344
205	593
226	94
548	413
455	39
35	551
533	421
111	53
320	473
411	321
355	162
195	537
400	575
436	317
297	460
528	164
561	380
421	378
188	164
349	386
293	536
64	460
374	492
229	340
330	225
352	343
431	34
477	202
375	297
546	9
517	539
467	80
388	397
431	545
467	170
248	211
77	82
328	28
245	264
31	59
215	496
280	372
354	187
283	105
473	80
470	481
49	201
36	535
556	167
511	2
228	243
370	292
331	187
575	178
231	13
528	535
499	394
201	477
257	402
410	545
292	504
418	82
217	313
398	390
365	431
106	488
313	133
166	186
147	558
466	394
223	182
364	141
362	52
238	13
582	506
181	456
402	171
531	39
49	504
574	439
419	271
402	263
384	433
329	102
384	374
75	553
345	56
561	551
32	192
138	169
128	120
232	224
48	303
309	164
446	218
424	207
513	405
4	84
245	550
351	311
528	570
599	35
409	390
72	442
192	468
147	436
232	328
113	86
329	62
333	278
419	210
87	546
36	36
332	162
578	46
371	464
445	147
251	482
459	541
488	353
343	523
364	338
492	510
433	495
179	262
301	161
148	109
487	371
232	432
478	494
573	54
537	341
539	438
513	196
324	489
130	82
33	345
24	448
271	453
375	293
408	554
27	319
141	303
397	528
145	557
31	427
41	193
470	25
104	280
510	549
423	334
509	496
362	178
357	441
173	65
405	341
117	262
593	295
179	451
69	300
219	415
209	397
539	596
318	522
86	507
167	144
569	487
58	342
333	75
118	434
483	480
183	3
118	230
460	362
505	526
514	370
33	531
513	9
141	227
404	434
187	573
414	321
84	457
192	498
535	126
103	438
204	44
442	595
22	79
137	238
299	316
105	184
136	115
452	122
501	577
109	119
17	33
441	77
14	247
297	438
132	105
236	529
20	66
113	224
482	323
306	583
406	568
437	352
124	21
500	149
359	443
268	451
156	59
34	135
194	22
569	288
320	15
233	24
247	293
449	312
151	336
61	447
485	95
346	39
505	100
118	493
157	29
478	67
362	16
87	595
525	338
565	490
183	380
250	494
18	298
422	46
462	97
197	317
172	61
142	138
562	228
439	302
541	146
230	419
173	266
266	470
538	14
433	209
212	92
387	320
560	381
251	261
358	162
13	410
455	485
298	387
29	1
305	429
266	64
1	15
418	399
561	107
333	455
512	57
564	227
552	385
333	145
412	162
442	439
523	420
331	84
213	527
412	584
546	477
593	280
274	403
125	514
407	247
202	489
158	342
155	77
421	69
38	195
478	570
37	117
169	407
3	221
65	585
163	35
188	27
236	433
62	450
226	495
255	13
526	55
192	396
29	231
438	81
469	343
181	7
60	414
349	581
67	446
546	71
512	144
309	338
465	325
64	530
516	546
151	290
292	582
578	582
53	60
143	568
401	440
412	502
155	128
402	141
0	536
197	228
37	530
280	383
380	352
277	477
512	599
290	137
152	242
7	418
225	496
228	343
195	371
304	395
53	38
292	160
221	202
309	356
63	157
448	61
415	439
128	465
514	594
388	286
214	46
380	387
403	391
305	529
113	372
532	314
16	484
414	116
6	566
175	298
570	21
403	536
168	582
78	304
6	88
576	382
483	479
92	260
87	85
426	115
398	118
509	583
574	542
198	269
447	265
71	531
10	86
444	316
426	441
243	216
319	156
116	236
570	321
556	122
123	567
156	584
398	414
494	213
12	256
575	590
589	286
480	292
275	109
270	287
209	187
314	107
147	266
387	149
440	551
183	482
529	159
233	300
173	176
596	386
413	87
53	91
515	459
590	127
336	500
31	554
434	73
336	134
588	214
233	235
175	246
114	598
223	187
158	580
328	567
202	201
423	413
140	289
469	545
294	9
110	129
34	499
496	31
0	333
175	132
98	61
285	202
488	203
455	302
207	147
506	496
277	165
28	448
440	483
328	335
364	358
233	471
339	357
279	104
454	556
567	536
562	341
365	414
22	181
501	412
569	349
224	550
8	27
289	59
101	173
358	175
459	490
204	282
438	197
588	209
143	494
426	7
69	151
372	71
176	80
71	73
214	391
84	487
168	368
298	194
415	76
301	566
488	409
517	534
119	302
353	230
439	113
306	91
359	239
188	153
232	152
39	9
236	36
100	292
513	190
131	33
386	35
529	47
86	335
230	472
338	5
45	186
529	104
284	122
124	562
459	103
13	368
82	561
317	273
107	60
358	138
183	517
546	295
508	335
290	471
580	370
59	533
529	490
418	558
308	311
136	76
349	502
97	54
428	315
438	545
310	289
187	448
3	72
339	491
484	258
351	63
251	74
445	98
235	81
261	225
61	118
55	224
292	266
288	517
337	213
492	257
568	400
581	36
395	216
9	332
29	395
466	145
70	491
183	553
237	444
303	203
317	428
581	362
518	278
432	368
580	426
578	484
309	221
48	145
531	536
88	189
449	15
478	163
323	97
258	181
430	447
579	449
14	563
415	414
438	479
26	364
578	62
395	462
289	179
103	469
134	364
157	354
430	346
376	311
324	280
347	522
55	22
358	159
349	65
399	122
41	320
588	334
591	221
533	284
217	439
6	507
106	32
354	192
263	336
155	474
421	413
526	365
558	524
220	65
454	433
466	511
537	62
170	408
471	436
58	417
335	516
467	142
441	312
340	442
224	460
260	48
220	274
399	378
574	566
480	355
44	150
20	19
100	21
159	303
118	534
168	586
218	407
471	476
232	281
535	60
590	74
599	253
364	357
74	411
515	239
206	9
196	335
434	137
174	33
392	215
487	294
330	418
171	148
361	311
50	134
496	371
140	584
367	133
440	169
67	247
562	108
379	159
538	37
262	142
521	469
464	92
15	306
131	117
392	262
466	100
541	66
457	51
254	184
88	548
157	26
327	391
238	297
443	113
34	333
333	525
91	182
588	377
346	181
537	544
396	275
241	199
19	155
391	30
400	342
343	94
343	572
392	345
395	593
345	10
328	180
108	242
519	591
535	348
500	19
127	110
291	484
111	580
385	461
367	475
63	271
152	526
553	307
459	353
389	194
25	528
367	140
101	554
97	349
510	48
80	329
161	4
530	360
515	543
459	18
51	123
462	367
422	514
0	91
372	225
353	573
544	525
564	387
446	552
438	164
332	584
251	289
35	61
292	217
15	340
564	111
561	228
114	490
142	276
265	401
56	456
418	137
258	494
403	12
545	25
353	224
302	409
553	433
377	525
517	340
95	319
290	289
171	426
277	379
307	122
5	160
441	439
380	456
18	248
456	27
580	400
462	44
440	472
150	564
366	105
353	284
432	195
191	395
319	527
501	255
138	414
3	572
477	108
516	230
341	45
454	373
49	426
442	436
141	447
150	438
440	516
549	550
405	566
440	353
151	42
453	178
78	29
366	497
134	411
45	33
502	82
235	300
382	194
336	302
369	243
116	91
458	267
388	174
27	450
248	319
185	52
394	231
84	155
161	299
594	39
139	131
170	251
569	278
502	436
300	492
201	136
557	527
360	289
386	223
510	53
133	137
264	243
590	403
391	228
305	158
331	28
130	97
444	123
21	566
332	69
90	571
25	466
453	351
342	258
500	278
361	489
425	403
87	267
119	457
284	452
330	399
383	198
207	494
481	344
458	568
470	160
599	494
228	341
344	597
416	347
348	175
553	203
409	186
396	414
569	63
126	263
519	129
360	546
373	39
60	109
422	544
559	145
502	258
439	573
377	239
483	143
81	461
129	351
57	160
202	283
166	215
10	585
158	255
188	4
40	160
490	45
291	106
210	365
3	139
421	533
565	112
449	227
524	277
494	297
588	107
389	547
508	261
51	205
257	343
206	191
525	556
367	478
86	522
429	200
290	372
402	299
136	476
407	522
171	259
219	253
432	102
176	308
486	278
118	25
389	365
81	327
86	528
14	354
299	61
315	84
32	266
580	105
358	151
153	560
385	586
188	383
415	125
217	218
432	142
399	199
205	347
539	345
66	55
467	390
301	278
232	199
144	457
380	293
251	374
67	18
474	439
527	123
198	141
587	184
479	353
489	108
503	342
7	456
130	271
467	303
257	9
296	477
590	436
569	569
178	299
490	4
258	373
245	188
193	304
546	18
198	506
48	101
285	51
512	376
292	354
258	23
492	554
591	297
551	592
516	442
520	556
56	336
406	66
389	208
411	468
538	253
25	14
457	468
468	237
268	158
499	172
275	179
303	301
304	415
598	57
340	548
569	60
266	412
377	32
129	553
65	412
583	188
141	176
136	462
272	320
198	54
3	442
187	103
385	462
17	588
599	410
275	139
81	111
284	220
528	139
477	333
55	196
181	387
181	453
32	71
69	120
442	418
96	520
597	398
341	186
493	563
358	520
261	99
428	225
163	595
125	384
494	534
369	232
568	383
333	81
62	547
310	489
316	336
415	522
37	286
486	587
256	433
328	110
119	488
397	582
481	45
166	131
551	185
563	396
44	163
41	199
213	349
272	128
144	28
227	331
353	106
41	351
367	585
504	570
573	470
433	163
588	567
510	320
557	106
384	204
93	532
390	356
466	171
511	143
298	177
528	288
418	213
570	209
452	439
450	254
26	152
236	547
38	444
578	498
476	341
373	165
479	525
471	492
368	0
439	308
310	99
219	501
471	317
20	229
508	360
91	310
90	508
209	209
437	385
341	518
567	278
518	506
22	75
312	546
324	215
340	594
136	487
455	389
209	460
20	88
579	263
494	159
98	428
182	483
131	121
491	551
507	433
519	398
566	81
477	580
137	581
465	53
500	376
160	517
103	47
567	404
205	305
127	493
534	93
565	436
462	520
360	515
91	138
284	311
284	403
323	483
284	127
291	441
382	451
419	144
235	274
518	503
134	209
186	172
41	276
43	217
352	467
497	483
123	596
560	33
138	190
125	310
24	7
6	274
146	571
194	523
137	585
384	92
411	220
372	455
255	11
580	116
15	61
160	350
168	181
552	158
413	13
24	167
394	410
254	333
508	532
59	562
430	296
384	366
582	156
320	275
406	159
187	75
198	530
116	222
398	207
40	179
449	92
582	402
86	404
158	196
584	307
498	72
437	387
9	532
236	488
418	579
543	220
334	56
592	119
94	312
16	487
11	181
379	576
309	405
471	409
451	581
490	555
297	3
547	222
400	343
433	345
567	589
297	254
327	449
179	424
212	79
355	170
559	151
29	61
256	378
97	333
249	411
23	176
438	52
284	229
313	284
90	85
98	58
333	544
547	153
394	264
201	8
58	522
390	149
284	366
156	37
337	515
148	18
585	383
124	306
43	251
135	584
209	64
23	513
530	368
573	29
281	459
337	175
298	68
245	427
141	407
171	492
507	281
48	55
197	60
424	415
341	574
408	597
148	317
282	380
474	569
147	495
51	485
249	128
111	484
440	421
338	108
203	393
578	378
544	428
48	186
340	88
197	520
134	465
341	512
392	144
273	270
255	333
398	427
268	22
67	69
202	240
289	466
424	296
587	145
329	431
132	357
350	336
63	406
318	383
210	350
36	512
268	357
494	537
509	417
494	549
477	293
241	566
68	477
316	78
449	435
471	466
334	482
314	484
145	429
212	59
21	378
146	193
526	488
36	273
380	74
275	563
327	471
111	77
361	223
541	543
305	205
358	107
195	236
114	112
300	567
403	562
500	320
279	423
364	524
348	136
279	378
488	274
269	246
305	496
266	567
54	527
254	57
313	293
477	431
52	31
310	401
24	190
369	509
453	477
234	453
268	162
122	37
88	582
44	320
194	291
117	318
356	369
413	580
77	477
50	280
35	46
171	111
527	453
250	540
306	433
179	319
86	347
241	353
511	53
24	343
200	146
189	74
194	506
33	594
214	301
236	314
76	233
519	228
396	130
106	370
258	324
291	286
287	400
552	207
186	329
276	73
453	322
493	103
539	390
479	127
24	219
385	66
553	267
236	278
131	249
124	186
39	253
255	582
547	332
331	221
411	199
589	416
542	45
211	144
126	536
314	95
391	313
139	387
520	409
249	16
503	86
302	241
519	70
539	563
229	258
342	382
441	42
390	209
199	585
330	17
156	141
103	85
486	437
584	241
365	599
216	365
286	85
171	530
173	235
506	552
554	584
461	567
365	391
227	376
532	321
262	110
115	576
273	31
50	458
299	289
194	400
317	43
473	458
375	497
278	194
241	115
254	281
213	211
429	153
146	361
568	569
42	28
270	502
85	271
39	396
135	174
349	449
221	276
199	538
229	491
237	461
59	94
557	162
136	22
532	62
428	416
576	533
356	183
10	419
319	43
137	584
194	125
137	574
268	581
11	120
51	35
326	408
341	487
99	461
131	173
254	488
192	544
32	545
119	530
121	323
10	173
491	288
575	353
434	450
205	67
584	568
4	358
77	529
122	384
75	232
42	451
439	323
79	191
356	474
199	513
225	305
218	42
523	354
498	503
165	322
372	344
507	190
260	527
335	498
335	350
66	413
586	141
580	285
264	215
375	546
128	145
414	10
333	262
587	497
574	562
493	578
166	273
440	238
247	58
143	167
95	413
148	586
541	438
224	575
4	190
462	111
390	245
34	185
308	117
176	536
345	374
206	85
399	570
595	380
305	468
57	390
391	241
93	106
352	435
280	432
562	134
293	492
37	361
59	483
245	59
173	422
398	304
589	520
418	182
351	389
110	552
289	440
467	542
73	57
496	167
86	570
212	284
248	213
257	114
132	412
252	228
384	132
81	459
309	166
236	91
585	507
378	459
580	572
54	544
235	484
551	166
592	562
166	541
347	6
494	411
489	487
292	180
83	487
334	11
434	308
584	76
541	132
241	336
93	500
156	587
272	157
570	53
401	132
405	595
281	524
440	577
87	81
218	183
235	236
297	21
560	142
283	404
495	115
175	531
200	437
82	258
300	66
46	167
54	155
101	443
519	457
19	71
489	374
449	264
579	438
214	132
476	576
80	441
43	196
24	401
130	251
372	195
450	374
541	48
402	300
513	192
121	211
339	74
587	546
270	293
81	80
369	445
424	501
452	413
460	348
72	245
406	425
29	312
56	381
109	349
217	362
517	520
507	45
508	429
18	88
228	104
111	256
318	219
227	10
330	125
535	245
252	420
208	588
41	7
304	579
472	42
471	82
318	150
209	315
234	36
320	332
64	246
586	290
153	203
78	74
135	413
384	357
62	1
268	191
213	42
591	364
100	121
217	384
336	334
558	33
114	548
123	20
574	148
430	504
574	96
167	275
438	33
331	455
19	72
79	280
237	54
185	452
44	393
89	464
166	331
311	523
502	288
239	426
112	332
407	584
209	198
521	542
380	365
531	198
463	6
204	576
364	39
393	496
363	59
62	421
45	58
320	198
163	212
238	474
85	155
120	60
86	114
560	250
469	149
542	497
447	166
495	582
31	1
189	411
567	45
57	484
64	88
429	141
206	461
470	418
63	69
31	210
570	111
145	361
580	413
150	417
437	461
101	292
425	152
343	585
483	163
72	24
236	63
417	291
305	223
170	196
402	517
246	173
463	346
471	32
293	57
543	299
342	582
392	207
455	264
356	318
123	511
366	574
420	548
473	542
297	477
103	364
283	129
273	129
330	422
214	226
77	468
39	564
359	557
87	178
116	460
111	334
242	544
103	522
461	171
169	258
123	307
472	208
598	596
102	290
368	519
314	580
504	548
56	406
386	367
275	547
365	378
222	277
406	39
552	15
266	336
253	73
481	437
25	258
462	89
543	517
155	418
512	426
577	163
544	55
13	327
242	459
22	404
83	32
210	250
52	546
448	223
297	280
145	544
550	262
232	566
41	132
264	338
243	511
525	406
0	554
378	514
567	425
41	48
147	17
98	421
535	239
219	20
320	460
333	88
276	258
479	461
512	373
36	212
199	192
23	553
303	219
47	523
446	415
21	224
578	366
434	98
309	578
190	442
111	224
283	407
477	167
128	75
192	83
105	235
225	17
508	449
240	311
454	319
435	90
268	377
91	522
22	448
195	270
29	223
226	255
45	372
24	92
318	84
108	498
172	451
276	318
191	504
566	528
133	505
99	325
98	471
36	577
538	552
84	511
69	541
437	392
169	504
62	51
350	517
314	110
298	65
404	66
365	27
158	580
246	45
353	301
108	6
375	176
250	392
596	347
522	290
355	268
170	25
141	313
267	280
308	236
110	376
517	425
41	509
516	222
351	568
113	366
214	522
337	497
498	492
144	364
343	408
297	112
419	491
584	2
594	465
598	518
563	597
300	169
40	148
100	114
27	397
352	43
219	159
421	26
326	479
426	438
16	68
499	321
386	561
291	569
366	510
158	66
39	355
420	132
277	459
105	404
125	320
201	369
520	65
49	182
314	565
153	415
322	26
197	161
394	247
195	387
452	570
334	339
332	519
401	198
373	301
544	336
499	310
568	28
344	460
87	0
458	491
6	297
537	14
67	518
22	73
442	435
263	64
540	221
568	155
160	29
331	32
317	258
32	299
338	303
64	291
564	119
362	332
39	0
248	156
432	467
484	364
383	94
332	470
498	580
326	6
131	379
484	54
540	191
64	513
1	47
195	204
300	252
262	180
303	338
172	584
81	84
495	60
531	120
455	494
516	516
433	65
553	60
100	276
72	314
311	391
523	104
390	97
539	292
435	488
114	313
336	214
202	478
11	44
492	485
283	54
232	266
479	410
75	421
222	150
199	335
81	126
260	293
436	495
444	92
171	331
452	529
97	217
215	187
212	104
597	560
205	168
72	72
211	437
95	106
246	505
203	74
241	100
582	123
50	58
92	462
475	434
154	431
178	575
443	121
118	157
410	558
96	9
569	420
145	493
512	503
266	335
545	207
13	4
23	438
531	150
479	112
560	512
263	143
8	162
220	515
477	358
311	202
16	485
31	385
244	230
354	63
267	476
596	466
392	539
242	497
388	359
329	5
292	386
256	549
119	200
324	348
501	367
417	273
2	8
486	595
394	197
321	471
159	126
458	456
222	12
124	321
48	409
509	450
436	106
207	316
130	523
423	123
322	109
451	431
226	358
233	423
374	333
122	459
418	16
397	203
515	4
456	570
332	536
409	65
261	399
586	17
21	144
539	489
288	427
450	407
107	323
341	463
548	242
496	542
183	214
522	473
219	38
586	367
452	456
263	223
281	379
44	480
69	523
546	83
43	294
56	23
546	346
518	409
464	481
343	557
451	339
413	349
418	14
406	421
243	332
492	73
574	218
18	500
182	56
234	598
279	161
267	480
410	41
264	119
342	142
508	43
553	508
353	499
149	153
417	47
205	10
243	282
518	552
399	290
195	563
517	412
344	521
558	393
240	314
422	159
282	251
138	349
126	286
452	152
438	50
309	75
583	220
42	470
215	274
399	205
312	480
431	539
402	441
550	404
455	59
518	508
88	159
13	375
533	515
432	142
314	190
144	355
53	424
539	561
579	483
294	42
418	114
414	430
9	125
78	125
532	598
50	578
556	3
2	389
315	264
250	91
581	168
294	315
298	424
35	559
24	56
457	253
277	311
324	426
42	202
138	570
235	168
63	302
474	597
483	82
252	1
141	593
475	181
66	208
203	249
390	461
96	372
418	522
548	409
158	233
127	171
478	461
15	477
584	330
343	105
54	147
339	170
583	286
81	567
416	494
459	375
447	493
9	132
416	76
556	582
32	200
405	285
343	179
260	321
283	596
541	89
487	243
236	455
586	429
217	213
516	553
71	358
523	373
46	11
380	240
304	152
230	564
217	458
432	327
375	120
290	303
345	499
24	31
444	52
419	267
560	472
130	188
458	210
487	504
435	301
4	281
509	396
563	320
229	481
29	462
595	6
42	559
407	563
247	11
367	572
198	154
363	238
191	524
49	183
356	186
411	159
491	12
30	182
188	512
190	420
2	515
142	287
103	352
107	396
359	211
24	253
7	56
12	483
574	180
135	544
1	271
196	284
101	213
256	331
45	312
577	343
348	372
153	118
228	110
66	98
245	482
19	41
233	367
105	106
588	337
17	363
49	283
409	337
111	519
246	316
106	268
360	502
134	91
170	41
591	406
166	18
443	508
517	206
353	261
236	183
507	487
450	443
343	171
550	305
180	287
173	448
423	417
265	462
76	332
141	74
226	546
300	367
407	159
402	6
307	93
315	247
361	73
335	259
72	82
71	560
40	65
385	586
567	137
14	179
211	429
421	583
338	216
17	574
133	109
141	342
283	339
496	357
426	172
323	80
240	75
104	155
167	392
444	278
303	138
341	560
446	360
599	354
546	339
495	226
583	451
531	570
300	212
393	333
128	92
243	526
402	52
292	509
46	505
357	199
35	223
352	457
121	65
78	136
72	495
132	224
587	276
135	526
396	266
584	172
585	389
51	234
148	217
273	243
216	184
278	251
527	348
221	170
448	533
567	37
574	384
226	474
404	253
526	94
293	371
139	286
560	490
414	558
408	20
250	448
441	385
235	508
14	213
95	472
40	400
437	149
169	299
207	471
503	322
307	70
300	362
548	485
321	127
305	255
595	370
243	49
238	167
98	447
397	71
257	119
188	142
485	124
317	578
597	272
534	174
227	466
428	195
193	551
305	138
431	424
16	328
65	360
465	582
172	297
192	444
577	570
520	122
258	318
117	571
362	259
447	462
201	358
491	98
581	288
515	77
324	303
45	89
158	484
409	572
271	124
179	458
554	589
169	481
449	295
583	49
8	172
414	46
554	181
323	363
132	251
155	229
421	399
28	561
295	446
599	339
567	517
490	412
295	164
50	238
30	306
85	216
453	350
325	257
426	381
465	146
177	436
333	101
302	387
82	564
456	476
217	295
127	376
336	94
438	309
311	223
532	213
4	196
468	509
74	116
148	432
512	396
74	72
398	570
58	217
459	118
333	82
274	117
220	456
514	156
530	361
260	477
143	490
64	169
104	278
392	442
540	179
174	452
498	130
57	128
38	227
99	587
522	107
342	321
417	531
564	554
519	198
78	439
412	390
228	300
79	20
315	145
215	162
29	262
301	239
507	514
261	326
325	424
20	43
153	559
3	500
442	397
1	479
24	191
327	110
165	535
36	51
384	595
561	425
50	222
247	10
214	389
508	311
46	328
517	119
392	578
45	558
263	335
532	41
502	394
579	484
183	136
339	552
42	564
437	388
137	488
100	87
264	580
431	584
466	383
258	442
22	511
156	271
297	494
132	599
133	83
460	237
334	138
328	598
525	330
80	159
54	208
112	219
380	293
192	486
101	425
592	576
48	370
220	465
578	277
165	589
247	447
519	189
390	65
287	394
462	302
389	526
116	35
351	553
583	210
574	61
154	394
113	518
496	214
223	17
447	312
419	416
506	82
120	448
74	433
475	239
312	207
376	565
369	83
269	118
475	143
315	96
343	190
538	552
116	584
196	195
411	27
538	124
562	216
410	337
440	223
130	530
303	519
175	279
79	494
190	181
150	58
59	181
238	98
496	208
423	459
333	275
172	507
374	59
562	4
66	518
33	581
271	294
7	499
75	338
314	543
302	18
92	228
499	247
348	480
197	60
214	285
54	197
524	42
91	83
149	58
83	538
300	121
230	87
85	599
475	552
384	434
537	82
375	316
519	441
380	166
239	8
284	95
500	389
136	406
573	424
442	144
82	376
4	294
243	138
451	158
40	463
523	404
67	288
381	172
234	513
284	311
168	215
101	192
179	191
283	66
152	437
466	56
330	589
556	376
594	58
160	469
1	257
328	311
168	513
409	249
80	129
374	367
454	565
509	58
182	543
363	26
120	6
363	359
368	318
433	275
351	443
117	127
240	379
187	185
101	200
40	39
103	326
287	10
491	495
265	258
546	472
242	210
442	504
208	120
104	101
287	83
183	538
112	17
273	153
528	52
124	569
260	185
544	220
163	125
181	176
51	451
218	352
197	278
520	70
157	48
509	79
2	133
212	147
268	23
225	327
195	230
362	105
579	564
177	415
573	370
543	277
146	219
483	545
448	563
367	541
535	411
539	80
197	316
179	9
221	77
395	81
439	194
411	131
9	315
590	163
66	423
36	241
447	163
240	577
159	260
211	207
161	596
151	36
61	467
512	568
368	422
268	523
305	269
52	420
336	91
266	20
598	407
186	168
56	490
286	354
157	188
561	443
479	8
389	15
502	576
223	404
336	30
560	472
69	33
183	335
70	568
274	262
93	486
60	287
584	266
504	89
463	241
131	515
269	587
136	100
524	543
557	258
273	27
218	454
270	4
338	64
310	318
137	245
195	144
590	217
51	0
203	42
521	510
335	203
544	504
12	57
451	218
412	326
63	463
351	215
362	488
159	292
300	144
516	124
483	394
356	315
158	247
570	57
263	416
263	351
51	324
454	289
342	446
521	291
15	159
562	465
331	403
499	135
461	115
439	457
395	102
9	328
500	12
218	266
317	393
201	236
51	506
586	471
170	80
1	325
468	238
63	182
350	528
291	139
44	394
325	230
141	506
315	276
265	595
254	488
542	279
367	526
442	512
563	496
563	451
558	480
122	321
403	131
254	411
482	302
117	538
554	368
254	449
77	236
73	127
371	161
111	237
351	72
390	504
574	185
469	275
573	449
590	484
98	172
193	65
107	580
37	543
347	204
313	447
75	51
577	509
141	40
76	198
19	326
18	454
102	396
187	140
331	260
275	258
503	517
257	68
356	472
239	28
588	396
395	24
457	454
28	233
263	544
73	48
457	588
563	543
304	222
18	98
330	348
413	192
591	570
371	50
87	110
255	246
336	597
385	296
371	264
358	350
557	535
161	207
507	47
467	511
439	131
494	137
448	61
296	82
438	327
283	542
298	459
113	401
99	379
365	508
365	477
244	281
540	7
506	261
519	339
152	266
272	279
459	150
79	340
209	275
238	208
101	396
408	282
378	576
58	346
595	310
467	114
16	478
360	245
542	216
0	83
142	475
22	286
229	523
21	524
291	520
446	593
436	328
84	207
541	568
369	261
233	116
393	90
57	512
140	381
433	410
490	75
127	319
390	323
223	310
597	145
578	437
56	245
485	390
172	559
566	157
395	74
553	529
235	234
456	276
429	347
361	473
416	232
161	545
236	316
558	234
570	0
155	469
528	90
332	50
195	206
497	202
101	187
240	553
110	253
435	558
494	115
8	400
448	421
407	63
163	555
62	340
146	588
128	469
267	266
173	1
533	406
507	132
82	182
474	424
60	488
85	25
188	361
475	195
165	310
21	338
431	534
267	38
408	42
592	561
173	306
268	390
470	326
455	479
263	301
74	179
306	446
394	442
298	512
534	455
259	184
280	401
261	327
297	429
207	389
36	236
1	326
276	117
457	7
449	478
519	518
470	340
444	499
54	389
325	86
525	518
342	342
587	182
217	363
355	582
373	577
50	435
459	434
42	210
500	311
214	78
319	171
32	537
215	60
526	109
40	590
284	590
106	413
594	318
478	78
558	180
381	195
389	194
496	226
450	465
314	298
97	427
146	89
269	53
541	92
245	367
376	579
366	489
147	496
330	92
104	356
150	435
339	215
9	540
532	466
200	558
407	242
102	592
493	420
577	92
99	79
8	391
544	426
200	101
285	523
254	237
524	329
174	567
587	111
538	558
530	286
351	238
71	446
249	522
275	368
583	242
126	426
65	208
29	344
526	342
260	291
274	317
374	273
284	596
569	514
397	283
167	2
220	571
454	559
223	549
121	569
220	539
280	448
406	271
227	7
491	70
468	28
178	184
457	296
490	550
593	489
461	593
190	545
523	283
200	315
75	116
491	522
85	132
206	166
178	135
237	148
357	226
521	512
83	465
554	218
221	586
198	298
294	49
268	177
352	97
305	134
489	4
404	137
163	263
405	519
298	573
415	347
510	63
351	93
288	109
308	162
209	27
238	88
85	106
532	204
287	57
406	66
190	241
560	48
261	130
335	248
25	85
430	136
11	599
586	399
469	327
52	238
25	317
76	104
581	22
67	144
371	224
513	526
253	390
116	469
197	224
554	548
555	347
174	254
424	464
318	49
118	484
125	552
210	540
341	293
226	114
332	207
313	32
103	499
538	40
252	570
377	141
321	471
260	410
370	515
32	77
391	375
304	240
212	5
401	452
259	476
225	289
588	22
573	431
396	591
393	322
443	116
419	590
479	22
545	439
455	34
256	555
298	462
494	198
485	594
103	425
91	448
436	209
158	457
315	231
572	326
399	561
326	207
535	541
74	140
412	341
288	150
444	260
321	17
261	531
571	329
187	568
481	277
281	131
79	516
382	494
452	499
231	177
368	520
411	448
388	430
388	241
545	325
0	21
353	317
223	283
410	215
567	395
433	200
324	494
107	467
163	167
358	290
5	558
230	145
65	353
155	127
402	111
96	73
416	307
254	213
138	401
343	400
33	328
231	276
175	556
445	474
510	359
223	359
102	83
131	326
430	14
154	307
84	307
142	479
423	257
277	477
425	330
502	471
499	98
296	454
120	42
345	60
403	384
100	367
165	517
156	517
574	58
181	191
565	296
18	595
91	427
304	250
137	194
154	394
145	221
286	121
570	307
308	383
478	520
367	286
534	511
84	257
557	66
583	86
289	299
382	17
6	437
189	335
20	36
431	580
353	486
182	241
378	388
474	589
234	337
365	503
101	374
72	373
350	192
350	21
141	471
222	301
156	435
142	296
160	557
138	96
565	159
516	51
427	273
214	524
412	313
555	542
447	94
187	79
567	433
93	319
420	545
23	99
227	114
161	394
377	553
551	116
275	198
485	458
209	69
597	270
456	155
491	592
255	227
546	169
490	522
384	120
538	509
220	39
109	28
264	73
457	339
257	410
124	493
403	451
544	334
418	312
442	587
371	408
209	200
385	361
107	46
251	245
411	518
570	333
175	351
497	400
22	104
165	319
575	506
452	353
404	549
50	310
534	38
502	442
154	473
51	105
72	337
314	233
84	73
229	120
357	598
582	203
147	123
126	215
247	440
410	136
338	425
16	540
415	510
431	227
156	564
68	222
483	7
185	497
136	354
376	134
107	597
229	542
565	314
57	119
575	116
523	237
117	124
409	526
450	209
20	79
477	139
473	212
65	236
156	200
219	196
247	457
492	488
520	254
255	198
145	417
340	16
521	531
322	26
104	208
67	210
455	592
81	547
534	151
62	317
151	290
346	460
327	510
534	556
573	367
237	198
235	465
210	490
66	551
483	273
130	310
309	325
14	476
362	503
334	147
230	444
422	356
31	486
540	25
579	195
287	84
91	564
58	597
12	436
96	428
150	539
394	11
574	366
316	511
470	588
525	139
45	167
253	449
361	5
345	238
311	67
290	297
381	309
91	184
104	228
201	302
135	340
341	149
568	553
333	52
592	598
577	509
198	481
312	22
553	30
539	529
552	31
337	179
464	133
362	517
392	333
39	194
472	106
230	118
240	18
332	367
125	432
563	276
582	486
51	382
285	261
173	182
392	163
226	325
231	111
274	170
41	363
552	404
407	215
362	228
194	62
423	309
520	207
113	411
193	442
267	517
488	389
204	41
173	59
568	491
551	264
583	89
270	427
263	350
55	367
245	233
217	496
345	265
365	223
151	295
226	418
354	224
30	411
315	534
392	371
159	450
362	147
558	328
165	463
448	382
572	231
506	178
491	180
502	208
336	443
385	173
591	208
517	227
435	115
95	585
360	232
371	357
574	373
515	33
0	165
334	160
67	91
445	379
330	582
290	165
278	392
49	311
26	538
536	184
92	120
251	365
328	300
240	457
47	442
305	489
188	151
151	447
15	535
132	48
331	594
481	292
466	114
86	162
520	91
568	293
180	215
12	111
467	253
482	545
487	13
572	396
501	171
534	127
12	470
40	109
417	228
87	554
152	428
442	578
45	255
575	174
256	419
541	92
542	510
229	425
596	444
562	174
351	396
127	173
591	37
127	126
442	289
176	26
20	179
193	67
36	362
178	462
546	114
547	446
389	387
173	310
345	448
100	227
93	263
6	412
203	272
461	455
80	203
144	153
395	202
240	105
490	1
590	425
504	142
370	354
475	176
166	124
218	144
328	535
556	342
359	0
188	74
581	595
576	336
211	154
256	503
522	559
307	342
365	188
117	123
36	596
62	90
228	405
260	454
450	573
280	167
142	254
310	152
356	352
446	515
429	361
199	548
476	547
251	463
93	34
86	542
72	144
424	291
315	255
498	551
493	443
373	76
183	530
454	437
85	272
21	288
186	251
309	117
586	448
358	335
256	512
454	291
448	74
198	9
495	126
80	222
174	171
399	219
222	62
110	94
237	385
595	92
590	595
277	167
431	377
103	545
564	569
505	6
161	22
172	591
28	373
227	40
481	163
473	39
535	201
77	143
39	285
282	49
69	166
579	6
256	107
180	148
523	193
403	442
102	472
13	129
206	40
245	89
16	277
432	253
62	164
76	588
48	169
103	181
300	55
251	590
0	323
223	129
323	133
65	540
323	67
79	139
306	300
12	340
250	54
16	15
255	21
249	552
76	49
389	498
237	250
130	402
115	11
300	213
559	512
581	543
86	165
476	393
338	596
28	166
185	530
532	322
382	319
575	448
246	329
482	6
253	84
123	295
447	256
361	253
74	542
286	8
424	560
240	80
579	517
175	267
225	429
522	19
207	511
562	599
594	461
336	284
392	16
210	184
293	342
24	220
34	420
405	139
255	513
121	539
217	394
507	486
471	155
60	21
126	96
199	114
429	161
308	137
147	11
132	507
244	297
142	550
66	222
312	148
567	29
98	197
209	15
588	436
367	120
15	356
568	111
449	157
555	152
18	119
72	96
379	1
429	236
319	55
349	527
18	30
116	142
174	228
453	265
52	561
348	456
383	20
111	215
292	396
207	320
86	572
492	595
598	385
407	133
263	163
201	251
359	237
288	281
26	539
491	499
545	360
522	422
135	593
464	348
260	282
581	99
299	98
100	473
590	253
51	535
81	478
17	14
372	471
354	258
578	511
213	313
406	302
502	192
141	424
416	531
38	3
546	519
94	87
562	582
265	138
304	405
2	589
417	189
564	222
140	389
169	98
368	72
231	47
484	136
499	331
489	471
525	189
146	470
19	78
516	324
450	579
0	588
462	578
341	308
139	199
90	557
452	138
41	572
49	358
319	92
310	272
360	421
133	58
512	445
382	187
548	425
453	405
311	297
505	235
537	350
29	517
497	200
344	369
171	264
63	272
308	222
337	362
362	496
451	143
393	48
546	211
96	65
526	172
434	238
439	171
521	471
231	597
284	232
446	301
97	16
461	208
294	307
58	477
169	540
386	103
552	571
589	136
467	119
186	331
365	192
27	334
513	235
12	507
32	539
165	505
353	32
279	548
90	31
131	261
275	254
214	303
586	394
145	296
272	167
484	440
491	251
322	185
405	279
16	386
273	483
264	10
109	253
154	478
579	406
225	255
66	569
67	491
50	353
362	278
197	198
377	332
368	43
472	214
1	559
144	575
386	398
162	594
51	427
465	170
318	132
176	573
76	178
134	582
469	420
358	206
317	239
563	382
353	172
9	227
73	62
70	30
192	510
552	7
230	557
264	293
222	397
100	277
27	468
138	165
542	270
207	596
115	239
160	488
82	50
24	554
433	240
345	178
14	104
382	587
305	463
308	67
128	165
592	226
581	68
531	476
138	205
411	444
589	560
491	446
94	32
163	553
469	594
578	136
584	304
295	84
418	278
559	336
400	399
433	232
45	29
566	422
237	243
28	258
502	41
121	382
410	156
316	75
321	295
119	92
300	202
89	157
492	301
208	567
521	537
315	587
598	587
189	584
218	198
454	99
90	492
44	26
161	528
184	309
241	155
347	353
555	354
430	362
275	304
552	373
519	85
538	599
446	554
247	78
469	400
47	98
404	349
43	30
256	58
370	313
401	579
330	124
508	179
331	408
459	260
349	317
391	64
529	161
256	432
29	427
419	366
97	291
546	328
119	224
2	4
416	413
566	562
536	137
408	267
459	577
440	252
234	476
429	287
526	595
144	558
477	540
336	516
25	138
15	154
157	186
532	363
556	539
106	333
194	523
430	236
420	243
342	261
139	542
132	36
27	267
497	338
50	140
39	70
235	187
231	239
178	392
73	59
107	529
466	487
147	367
368	556
200	48
56	202
60	287
504	460
524	412
481	199
0	57
76	360
563	594
518	409
89	48
54	336
96	314
443	5
368	72
66	581
324	54
476	567
354	226
383	579
431	18
443	570
323	308
333	78
140	28
520	391
103	19
535	102
369	434
95	570
131	404
185	28
172	80
397	505
272	155
266	509
158	537
99	550
272	164
539	12
236	427
329	386
151	536
262	577
560	478
83	378
10	428
336	22
220	171
232	412
107	88
304	349
575	558
61	56
162	91
557	29
525	213
445	272
253	241
42	381
474	552
36	474
152	63
4	45
167	505
455	202
245	483
506	329
276	531
509	331
21	214
428	71
571	421
480	117
381	27
93	237
483	126
76	557
258	231
497	94
162	24
103	49
508	265
455	420
385	278
143	507
94	481
247	316
308	159
470	587
244	402
163	167
247	251
313	551
515	161
226	493
209	66
532	253
179	429