343	289
343	483
347	439
333	573
300	184
341	76
230	433
251	149
305	382
314	320
275	323
263	343
389	417
282	419
295	334
290	414
298	457
327	531
166	196
300	493
285	461
176	238
280	195
271	177
285	529
266	52
77	434
467	110
334	262
311	31
171	109
276	346
232	135
347	469
154	356
345	23
341	248
290	510
331	210
259	455
500	374
318	188
299	238
235	545
168	406
362	267
401	211
308	251
464	148
381	302
442	381
284	130
358	111
480	241
253	221
190	118
50	382
296	21
278	137
347	386
287	458
509	299
248	280
457	308
475	452
299	44
260	300
316	385
357	192
187	223
192	236
468	95
311	87
186	167
302	386
413	441
290	588
209	320
350	33
289	334
94	276
153	357
209	240
467	421
486	249
244	557
301	449
288	467
356	450
227	299
234	303
300	523
223	104
244	235
432	229
248	373
407	273
199	374
145	287
452	437
317	489
445	227
368	160
320	209
293	586
184	180
157	364
277	464
23	332
222	256
432	186
360	398
303	261
444	296
223	341
313	211
382	168
300	26
319	195
303	172
250	504
539	301
204	259
145	155
251	239
291	581
334	68
248	457
457	348
321	280
152	67
236	227
182	161
302	178
293	117
362	467
337	410
250	75
162	308
457	427
280	373
224	382
289	261
317	145
265	483
382	207
248	156
469	163
129	228
166	309
407	185
267	512
161	531
475	120
151	243
491	155
276	338
221	204
303	129
322	325
302	149
276	71
106	269
150	419
329	363
259	7
98	199
303	146
39	422
277	355
330	323
338	60
316	378
250	253
304	173
371	422
286	368
120	210
210	270
310	319
422	376
177	433
316	580
333	276
255	210
198	515
396	243
407	374
552	218
396	452
355	254
222	234
254	106
241	284
346	320
376	301
272	527
260	208
123	385
323	161
312	246
507	355
149	175
179	291
255	228
221	70
218	367
319	85
423	486
207	362
283	268
338	266
293	52
364	468
322	401
302	119
245	273
341	353
300	33
320	372
524	390
355	428
309	382
470	333
359	249
231	315
223	466
305	394
236	182
296	401
241	74
323	80
309	474
432	219
341	28
166	286
383	512
137	531
48	294
181	342
437	351
102	309
295	356
254	555
314	265
350	179
257	465
539	316
344	501
342	394
265	39
139	126
272	306
513	326
175	141
297	528
368	239
254	521
230	303
203	459
237	305
150	451
286	334
95	301
314	148
435	414
303	346
242	431
402	154
282	505
328	170
276	477
357	349
317	259
267	223
298	566
60	184
189	354
366	140
100	375
312	145
240	176
353	327
295	538
348	242
328	549
254	19
260	130
309	437
335	230
194	175
459	207
286	137
102	389
328	337
413	500
390	246
272	416
250	203
257	345
303	202
392	134
290	238
322	86
298	304
157	196
77	201
309	206
452	423
332	521
291	550
312	255
371	130
300	318
221	503
337	111
319	471
272	380
232	462
255	44
292	366
213	555
336	151
536	207
336	408
277	93
240	311
457	290
399	138
351	300
297	316
70	200
193	553
161	204
516	243
220	378
267	111
321	293
295	406
223	424
444	121
221	128
295	177
232	217
328	510
153	249
139	277
85	335
429	520
246	354
140	413
282	88
296	501
123	380
300	175
295	202
320	239
389	499
414	262
349	419
300	261
322	385
305	99
535	345
325	179
582	253
290	273
366	181
448	318
354	111
17	332
567	288
303	89
406	428
312	281
403	125
354	297
348	425
356	181
460	292
305	239
115	328
216	293
388	457
233	457
320	88
290	72
346	227
315	165
411	234
302	38
265	107
568	260
311	332
246	353
455	182
349	172
356	139
285	470
236	260
171	438
408	347
258	553
279	315
244	307
305	251
356	311
277	136
181	358
298	142
287	515
311	313
155	383
310	134
193	443
324	106
122	284
520	262
300	111
299	277
269	585
296	479
311	550
340	388
228	339
321	212
61	289
367	356
233	369
239	511
382	500
470	318
360	158
279	370
274	486
418	363
533	225
326	409
302	211
268	412
341	227
289	465
299	554
288	150
264	146
274	360
265	475
284	477
234	58
262	285
499	286
193	195
202	290
251	196
292	523
111	245
314	331
148	245
393	480
335	307
533	273
402	240
281	208
239	397
249	191
291	30
437	160
303	511
302	150
275	344
277	565
153	96
343	71
98	304
224	396
239	36
221	250
303	114
500	252
242	555
163	401
396	82
344	296
224	332
84	269
275	233
371	224
302	378
252	515
409	209
400	175
299	441
186	69
285	292
297	419
303	356
231	314
454	467
300	134
465	524
294	240
398	93
206	390
363	301
203	148
450	376
41	350
378	495
257	122
362	55
223	59
302	111
300	11
299	48
298	506
123	297
143	360
99	160
298	587
315	463
300	86
326	531
269	129
244	193
305	581
345	237
297	347
344	138
321	507
327	58
432	371
279	271
302	198
229	277
235	296
157	225
495	330
363	299
488	232
188	460
271	365
323	260
157	410
297	476
207	147
300	389
453	320
426	286
172	300
278	240
425	302
173	212
292	480
201	269
103	281
220	36
63	307
306	453
147	200
302	472
168	179
425	150
274	310
283	212
264	520
481	371
313	562
302	102
305	21
57	225
320	205
264	542
369	219
277	375
209	343
386	452
225	109
261	497
250	176
435	298
203	534
193	394
261	372
297	321
405	212
69	155
311	332
253	68
50	397
186	82
331	272
186	303
197	85
402	512
133	282
430	320
298	374
357	52
425	122
375	516
296	279
244	216
310	408
233	533
304	225
201	97
317	222
377	135
280	263
259	519
94	296
169	359
256	420
295	163
304	136
376	288
284	447
297	422
242	380
193	486
366	504
309	124
512	227
191	180
300	384
355	277
217	420
414	375
367	228
313	566
269	60
185	326
85	171
304	572
277	533
346	352
62	218
222	464
298	363
300	216
329	148
227	171
319	115
380	475
298	326
519	232
292	239
447	374
393	290
482	323
318	484
458	217
285	535
264	32
342	510
329	98
311	482
282	262
280	330
340	348
313	269
433	327
300	80
327	317
213	281
143	308
415	288
312	33
400	129
206	412
302	420
320	408
294	473
277	36
274	281
344	315
253	78
199	274
383	501
305	436
337	109
530	329
65	310
66	347
284	379
223	383
142	182
191	449
360	231
251	368
319	81
319	174
410	259
303	57
342	526
464	130
295	281
324	302
207	388
431	265
356	427
259	585
362	442
338	542
289	295
301	15
300	154
94	230
139	299
304	263
239	45
256	516
340	489
287	286
278	271
365	380
302	265
143	335
439	475
256	542
158	275
312	89
520	487
310	125
416	353
484	146
215	344
410	348
270	114
223	438
309	580
499	297
472	241
368	435
352	451
339	202
303	245
489	327
288	119
344	194
347	175
277	98
311	269
249	310
258	315
317	351
169	128
366	243
290	275
325	22
305	55
318	468
333	172
394	128
244	461
160	432
311	80
168	352
166	204
76	137
207	316
295	79
195	483
209	371
286	100
113	415
82	184
366	447
390	405
297	264
294	527
256	76
290	550
362	142
272	328
448	78
236	355
308	207
319	378
201	77
426	435
492	191
460	272
225	312
321	573
292	504
294	299
152	183
244	300
172	300
252	403
384	253
380	432
290	477
362	182
341	122
224	176
258	355
324	466
450	385
183	425
335	142
343	440
346	226
284	84
265	368
370	215
67	337
229	459
223	417
195	224
318	360
284	261
297	479
297	21
290	379
223	300
359	452
221	404
395	365
344	34
378	182
137	399
228	343
162	235
321	522
225	180
300	192
300	169
365	150
360	195
327	350
429	327
300	30
174	239
339	123
109	286
289	251
213	81
328	101
323	259
288	441
305	121
275	135
177	390
336	457
294	24
400	384
371	37
498	326
416	424
310	293
203	549
294	167
270	387
300	469
161	197
304	58
124	455
339	185
357	387
300	119
328	405
306	201
352	274
345	407
489	212
54	361
162	326
108	414
368	218
278	339
283	90
86	287
195	181
266	303
183	178
412	451
145	294
320	113
357	188
276	323
223	435
276	451
338	492
210	471
477	356
306	203
179	296
81	329
328	520
193	315
335	488
239	186
381	355
59	375
227	280
400	300
355	460
343	361
220	504
287	433
282	250
268	154
255	356
478	128
305	393
259	270
308	589
352	444
168	396
321	525
447	227
210	107
349	391
119	280
361	293
304	161
303	344
523	331
172	281
257	418
302	502
178	269
409	358
149	400
332	267
297	125
306	88
315	584
299	97
303	354
300	320
290	473
373	268
147	193
197	576
378	48
212	378
221	363
249	137
86	388
267	287
369	351
309	470
321	373
511	201
372	427
325	43
102	507
318	316
503	312
385	159
285	29
278	364
232	491
260	282
428	362
465	196
82	383
218	368
281	294
264	143
311	338
476	190
245	319
213	353
317	316
301	242
304	122
273	90
367	285
317	261
295	181
300	235
95	178
289	333
307	408
317	372
314	383
305	289
53	335
272	305
385	400
423	444
465	240
197	328
225	53
334	301
563	346
368	357
308	449
158	241
309	84
80	404
448	466
215	268
413	498
160	298
163	98
283	345
380	56
514	180
299	107
51	315
299	93
299	233
233	318
350	555
327	291
251	455
299	269
289	123
299	15
264	430
287	477
242	423
244	313
334	8
332	286
95	395
155	327
442	500
212	403
312	421
183	116
399	99
405	280
321	492
478	161
542	165
279	234
283	14
363	456
407	363
340	581
314	162
139	159
285	468
361	522
290	343
244	237
359	399
286	313
316	566
209	333
325	307
394	247
302	566
365	340
337	417
272	108
348	453
397	416
460	314
311	436
399	262
316	588
460	415
457	289
413	307
330	173
174	198
346	426
352	547
363	60
303	507
298	116
216	263
305	178
214	515
372	294
301	390
314	424
422	54
299	119
155	370
415	274
441	242
346	221
272	471
455	339
335	472
80	307
390	279
328	492
441	174
452	362
200	415
234	300
282	81
416	456
155	300
295	441
314	495
378	92
237	324
298	262
419	371
338	246
300	150
353	315
333	172
286	556
315	302
314	62
139	201
248	351
497	171
506	232
250	490
236	302
411	265
219	52
451	235
237	300
414	450
230	294
171	476
348	472
312	481
194	276
271	420
104	381
443	296
260	389
378	305
260	420
450	324
354	310
299	589
316	449
256	97
355	262
357	379
278	466
283	579
166	277
338	567
250	56
335	318
339	341
360	344
372	81
308	219
315	126
333	240
261	207
298	242
251	40
331	462
284	376
130	512
352	261
305	417
144	364
300	39
459	273
265	334
248	414
470	438
293	356
261	304
277	563
338	556
348	285
338	576
497	152
302	166
296	100
173	234
318	226
300	509
218	37
54	459
270	386
451	218
293	79
460	279
561	342
298	543
287	489
247	335
393	329
390	256
200	452
141	266
544	398
381	427
370	349
259	424
292	139
276	97
130	357
470	220
358	386
317	377
275	421
120	268
480	261
544	362
463	297
300	408
217	159
30	336
304	173
325	539
177	239
330	300
298	91
300	287
191	389
155	164
445	260
237	205
466	416
314	82
263	94
340	526
193	285
285	208
451	228
281	590
353	261
113	130
438	458
325	153
437	239
279	493
310	250
298	493
313	396
206	344
432	288
228	123
270	186
308	444
324	79
59	300
262	241
304	376
215	160
278	124
261	546
300	216
296	432
303	558
222	206
279	490
497	359
381	554
202	377
374	252
387	191
252	340
223	455
128	452
278	298
395	195
232	98
372	268
241	361
343	222
286	417
242	248
347	319
328	377
421	87
313	374
335	291
434	395
200	224
300	413
297	287
303	435
368	118
182	342
209	281
406	357
274	520
300	553
317	192
137	123
396	391
292	320
321	511
267	31
256	265
383	287
273	125
255	77
108	151
285	120
238	117
303	255
319	334
283	232
135	431
159	150
321	420
319	300
232	355
189	255
242	450
193	418
497	304
405	498
299	203
287	70
245	286
222	113
330	157
300	449
173	407
295	449
408	211
494	457
103	157
313	282
356	99
342	47
262	368
242	344
325	357
337	538
237	329
370	147
430	375
177	186
314	110
214	516
304	171
261	464
329	526
209	326
278	238
291	367
341	550
387	347
152	310
270	299
403	170
326	317
328	270
268	387
94	335
350	391
271	231
353	320
308	165
557	310
380	510
243	139
133	440
406	119
232	146
355	29
100	300
178	287
252	18
183	471
270	286
474	339
300	452
306	31
292	187
303	238
344	175
306	226
415	250
331	315
369	270
244	382
67	185
317	433
263	252
344	511
290	420
326	440
243	521
348	56
349	130
249	434
451	134
370	414
242	531
216	221
229	303
307	502
358	342
271	127
291	108
280	563
452	519
484	252
298	249
505	446
251	545
437	414
248	265
300	568
303	240
301	570
258	262
373	309
224	232
286	142
475	232
228	75
263	172
323	321
341	157
375	522
355	418
335	545
302	561
224	265
237	426
365	515
168	145
170	514
538	384
356	480
344	240
330	257
168	393
149	170
218	331
300	506
276	187
289	578
291	281
395	380
29	317
335	92
340	81
271	345
227	318
330	226
46	388
263	482
456	454
237	159
296	132
282	193
251	341
179	191
363	246
179	304
344	179
406	404
310	245
225	396
135	230
296	596
298	258
308	572
346	256
355	232
340	257
370	356
484	383
536	350
388	372
189	435
400	333
58	292
351	110
256	401
151	107
273	496
351	552
215	364
234	303
446	380
302	205
301	387
331	191
316	48
505	229
257	331
509	290
379	174
240	177
258	475
121	313
214	477
255	428
428	426
267	591
379	542
131	282
303	392
465	284
45	210
352	185
129	385
453	169
192	287
537	366
359	334
369	338
216	525
286	278
311	461
334	133
434	76
337	441
175	157
280	481
287	447
124	247
291	433
268	203
459	358
318	361
485	272
500	374
266	294
349	553
320	304
460	448
322	228
458	264
483	308
300	382
314	46
243	24
304	71
344	231
354	225
268	465
442	278
348	300
305	418
265	145
260	454
359	250
270	246
414	236
304	227
283	103
311	379
272	27
212	237
341	167
282	227
253	208
359	316
241	374
493	442
295	493
431	199
279	591
192	100
343	133
326	223
72	366
251	238
224	335
309	512
283	557
218	124
370	111
276	537
511	207
433	481
113	303
301	247
269	171
115	223
427	414
279	300
411	194
313	542
419	263
429	402
48	209
299	309
69	149
347	300
255	202
390	39
436	400
511	377
309	406
284	160
361	284
425	251
223	46
226	335
494	253
401	188
289	406
241	66
347	47
425	248
290	386
302	258
316	119
328	319
440	308
156	357
429	357
321	211
393	192
301	474
302	138
410	365
289	395
278	519
329	122
16	307
283	598
466	179
295	321
485	135
274	451
247	130
366	369
316	167
292	437
236	522
402	265
123	283
308	257
169	458
312	89
296	229
300	188
353	254
347	197
275	416
316	286
534	299
340	74
220	438
307	389
366	393
342	181
79	314
300	554
148	268
427	478
313	513
300	122
323	474
305	66
137	291
478	293
348	537
301	406
332	566
337	512
298	259
528	409
305	448
273	218
194	559
91	365
468	377
207	298
264	348
235	215
115	253
320	423
169	283
286	153
318	134
289	210
293	31
344	210
357	254
526	342
516	407
330	120
271	268
204	179
317	347
296	398
113	150
278	304
395	80
322	474
222	314
503	152
493	300
309	511
213	66
373	384
276	583
514	405
387	379
324	42
265	168
264	17
96	238
304	198
348	477
457	536
392	455
489	412
218	455
294	362
463	276
482	408
312	521
268	134
318	456
337	486
169	246
270	326
511	227
93	274
333	307
474	95
332	291
204	548
239	342
326	380
204	340
188	80
245	302
360	290
337	573
311	72
379	484
427	218
254	24
561	340
85	378
496	299
211	256
328	390
198	98
371	78
366	295
518	433
332	458
171	309
221	216
349	333
312	339
297	446
360	370
252	342
251	490
167	203
333	510
272	247
350	440
302	214
285	244
369	300
315	155
370	65
395	35
204	250
196	144
304	67
74	192
267	27
496	410
532	376
347	257
270	102
366	531
428	394
155	381
302	265
303	242
302	291
433	373
305	45
318	253
149	225
331	437
333	24
369	283
374	268
251	581
321	258
374	415
252	398
439	330
254	300
301	467
275	410
411	236
438	208
248	427
311	377
276	369
137	430
578	208
322	119
136	425
429	305
495	340
291	438
290	243
189	376
121	365
256	154
418	256
231	396
274	492
344	22
336	399
296	162
439	493
453	378
335	288
287	441
207	382
283	300
202	428
279	378
316	302
300	307
298	383
127	201
437	375
502	317
130	400
257	387
280	566
309	318
332	246
271	71
343	141
348	210
86	420
331	45
344	550
230	234
572	230
173	388
424	497
400	400
27	377
257	122
365	479
269	349
333	466
292	386
237	442
492	149
405	350
379	159
275	18
148	159
319	337
328	206
179	270
285	336
292	420
204	164
310	178
476	311
212	97
315	578
266	442
302	376
304	282
211	282
216	317
177	110
300	50
341	140
297	81
474	382
582	307
72	145
293	343
478	235
305	162
306	394
286	269
261	126
295	306
311	502
424	213
381	280
408	247
341	301
230	245
341	77
334	294
108	290
177	216
364	536
318	233
336	249
189	326
280	492
354	261
503	398
274	455
195	184
301	473
292	155
200	223
87	267
285	77
437	170
403	396
332	355
262	552
148	376
229	457
195	350
290	382
223	460
125	467
308	166
417	139
350	180
295	278
437	136
470	503
283	478
456	266
303	201
281	335
262	93
359	387
182	385
309	419
235	501
391	313
227	448
371	213
278	439
336	283
184	329
265	301
386	372
78	187
225	509
217	266
412	377
177	132
139	360
205	418
383	222
258	474
326	489
333	396
367	173
179	49
204	219
299	561
354	559
96	312
276	413
514	319
371	516
233	163
475	446
316	383
325	439
180	214
309	437
284	522
247	560
470	315
419	472
284	233
476	213
323	19
183	340
358	282
288	592
397	495
328	159
309	260
305	474
426	276
327	190
415	367
203	142
403	290
296	159
88	347
300	414
336	581
305	550
471	301
350	481
471	468
351	340
161	262
270	82
346	78
290	12
392	412
355	253
359	157
42	238
162	170
131	323
321	148
436	449
304	354
271	242
536	256
314	180
298	77
266	226
242	326
283	48
265	159
389	300
345	288
262	520
466	466
75	356
300	535
300	560
196	353
268	550
442	463
299	217
196	285
256	392
416	203
211	333
263	165
297	355
295	378
359	102
340	299
222	542
284	562
409	66
381	324
253	374
291	292
318	534
353	187
325	456
346	444
203	190
400	394
198	155
289	321
309	443
267	278
440	220
465	437
235	392
294	84
71	300
15	280
329	95
124	360
570	335
390	431
517	190
176	312
237	286
289	499
352	298
386	452
162	383
482	174
210	300
296	501
374	144
291	281
388	441
303	521
306	216
384	472
208	289
194	368
345	205
279	312
279	392
533	321
286	292
301	238
437	226
329	525
300	27
251	263
518	198
302	125
245	141
540	347
387	46
318	409
375	291
329	227
261	209
177	456
324	148
279	219
324	440
211	454
300	174
95	364
156	84
164	318
201	385
117	354
293	583
242	381
315	444
283	156
326	390
292	554
128	213
501	414
415	373
245	514
247	356
305	30
384	205
169	502
238	72
325	108
466	410
228	311
192	407
458	230
262	213
245	339
219	350
339	216
299	190
320	275
222	101
327	333
268	279
507	311
353	103
438	435
82	273
396	154
334	137
298	142
403	309
269	414
325	189
177	309
359	225
315	267
311	158
109	392
300	362
237	131
271	547
229	477
336	587
277	385
296	112
259	526
502	465
203	116
359	49
216	156
356	545
313	279
374	260
297	458
349	144
381	193
220	363
270	252
404	228
300	573
273	353
539	210
375	328
388	366
145	317
284	255
267	270
187	383
297	88
275	333
417	245
392	96
193	496
299	582
422	553
396	206
194	77
178	518
270	13
261	100
170	329
123	242
272	496
319	76
297	297
438	285
305	308
526	430
259	365
183	437
500	195
472	432
285	279
128	268
297	349
221	281
275	460
386	238
383	543
173	357
375	106
404	318
252	498
127	269
68	372
286	178
308	477
286	429
225	346
95	242
358	342
408	310
190	426
547	284
270	541
427	118
257	382
349	444
212	244
407	443
387	292
256	76
327	153
351	430
265	502
297	334
326	346
308	98
85	332
180	413
425	367
308	241
167	196
249	247
300	440
385	278
132	363
334	253
224	302
259	474
339	119
329	404
344	469
302	356
394	330
288	66
463	443
345	272
299	47
265	347
474	349
130	229
306	527
318	193
283	374
359	394
434	349
326	391
223	393
36	218
254	409
447	334
284	139
277	412
295	263
266	283
173	409
202	328
222	211
327	362
284	222
220	365
255	128
292	501
490	461
442	395
309	236
318	204
300	535
72	379
306	391
218	168
301	469
224	89
354	222
304	513
482	199
308	300
80	294
192	175
248	563
126	453
319	31
349	245
84	325
279	569
278	383
325	459
293	541
371	419
307	145
332	557
289	178
280	148
287	369
275	469
249	323
131	242
317	300
422	436
296	90
291	490
325	395
243	445
73	167
261	229
314	296
308	293
207	558
300	541
340	344
418	187
304	480
381	496
90	198
254	558
363	353
476	447
351	382
353	526
338	519
100	287
346	408
232	114
300	153
381	414
166	49
380	335
256	121
300	290
349	114
383	573
315	376
128	302
542	455
236	418
342	206
389	86
297	236
346	502
290	116
281	15
297	149
322	441
276	187
187	311
312	224
175	308
237	266
84	389
318	157
261	303
438	179
247	318
285	384
339	453
334	446
414	65
73	353
293	291
365	423
246	427
105	196
422	545
318	583
212	220
231	72
181	132
375	401
339	313
378	336
210	300
216	224
238	381
200	410
454	216
355	234
339	169
307	384
256	299
285	414
188	208
109	416
353	46
382	171
294	215
330	421
301	72
324	270
332	244
306	134
278	307
301	441
293	83
266	414
324	338
164	443
154	354
178	319
299	476
87	384
211	189
114	322
251	27
386	80
181	180
371	288
127	407
285	574
157	149
297	185
335	146
299	224
462	367
294	121
301	184
285	506
320	478
242	373
340	524
278	154
363	27
152	381
300	342
469	261
365	482
265	243
295	440
32	346
255	417
326	37
355	140
181	337
278	207
323	227
321	202
132	375
282	64
289	284
213	97
302	219
337	497
208	406
332	299
475	483
126	425
337	167
353	138
355	254
340	533
337	532
316	464
83	179
552	189
303	186
127	269
172	300
328	463
148	380
310	307
300	66
233	136
148	327
224	343
300	423
311	157
289	233
292	82
233	260
254	198
274	259
252	411
459	165
360	49
335	559
263	548
294	48
189	443
386	489
236	455
286	404
299	418
522	430
240	90
225	282
84	455
40	390
215	472
270	151
310	517
292	349
346	478
181	261
369	254
368	197
169	300
219	214
299	96
220	154
238	341
335	325
364	417
319	239
305	61
190	95
216	192
423	495
300	146
312	60
292	78
263	55
316	319
278	422
415	63
300	588
524	388
398	212
400	246
406	297
542	433
232	218
393	238
302	515
289	370
248	159
300	152
233	188
263	285
278	360
287	468
168	116
191	332
493	211
326	120
287	253
260	205
264	192
295	415
339	19
358	493
506	332
388	221
143	181
410	359
411	150
263	324
302	431
309	156
59	205
105	232
342	321
239	436
313	42
280	343
376	191
376	486
418	229
212	392
276	102
297	429
261	417
221	280
283	439
258	208
276	55
406	211
297	514
302	89
284	517
273	547
296	202
129	313
271	56
305	509
233	300
398	231
441	210
273	118
285	95
305	491
236	352
403	284
354	308
360	554
362	321
369	528
522	116
287	313
22	337
385	237
301	84
196	482
131	186
182	356
356	480
465	489
162	343
219	224
215	279
351	63
201	259
252	265
393	95
306	200
168	465
264	397
316	501
297	102
198	279
423	222
381	102
407	147
335	544
272	273
200	410
308	530
295	438
265	75
253	550
324	367
450	331
373	78
259	131
265	322
325	147
385	219
468	210
304	263
237	247
339	507
291	300
196	498
324	521
209	314
275	17
242	45
308	307
559	228
262	477
277	361
304	334
301	38
228	190
153	255
34	224
547	239
300	352
231	82
287	305
297	63
355	526
296	162
234	458
344	307
282	317
278	520
112	348
168	391
279	254
187	150
303	331
185	287
281	139
217	78
313	174
296	535
228	163
288	196
229	110
170	273
167	396
316	588
344	197
495	238
196	467
254	152
442	252
372	170
318	585
286	407
320	406
195	378
360	438
179	442
248	349
295	321
303	10
253	273
198	55
329	482
303	539
321	156
255	283
222	398
530	271
321	264
367	183
364	442
461	248
300	441
563	269
144	319
321	258
245	154
297	342
202	267
251	119
337	194
347	84
347	283
234	343
312	133
52	235
312	91
257	377
366	365
97	300
391	537
549	266
309	239
442	305
253	69
299	341
299	412
314	230
237	126
344	143
299	498
299	35
277	488
303	25
288	330
377	318
235	94
270	391
451	403
298	570
351	564
254	127
433	401
321	162
478	130
483	277
298	406
338	199
280	280
326	95
317	77
342	340
323	288
252	484
194	384
137	356
479	362
275	339
212	501
102	211
139	427
488	370
375	202
284	273
380	369
373	470
226	323
310	409
191	314
348	430
139	346
228	219
300	431
282	162
270	195
237	95
119	247
269	50
336	492
163	408
124	518
270	478
301	254
316	529
213	161
106	436
283	270
230	479
252	108
327	382
290	31
407	461
230	502
303	383
181	47
320	119
189	386
268	305
295	282
425	334
254	300
219	429
247	283
367	339
201	157
446	282
491	268
347	286
350	234
128	299
436	304
189	411
272	172
273	407
309	332
287	218
352	130
324	410
520	376
293	332
317	413
200	165
50	283
314	52
134	207
277	237
243	284
274	292
571	313
300	424
250	230
386	396
473	338
435	373
393	169
146	265
296	463
307	352
302	538
279	240
166	309
305	541
388	245
188	364
133	126
156	131
297	187
375	395
274	279
441	510
83	229
301	51
523	224
269	435
275	289
309	309
518	351
336	50
127	115
375	479
299	72
291	148
296	530
405	168
218	521
261	447
300	71
428	313
170	487
409	233
371	524
288	369
290	358
337	439
295	543
304	198
441	96
278	456
397	429
423	223
318	404
225	550
312	278
405	277
552	343
291	357
302	316
306	25
399	387
359	82
429	215
120	307
440	103
299	402
192	362
241	127
308	64
435	351
472	266
347	576
298	65
401	410
295	342
405	468
137	313
423	353
281	376
431	391
272	379
276	509
303	43
256	363
290	593
319	212
339	479
302	537
522	268
224	184
459	248
373	306
355	567
347	392
373	378
280	350
566	363
332	231
327	255
295	59
269	443
408	333
245	421
214	224
460	465
391	383
283	522
182	321
138	252
305	38
327	38
447	446
166	253
390	417
159	394
197	254
321	530
277	274
177	471
331	430
222	31
368	89
296	219
177	404
441	246
133	162
373	211
422	441
310	210
297	513
440	125
340	109
275	475
306	129
226	536
247	528
319	175
369	188
364	105
395	188
267	138
478	477
117	144
533	277
190	192
145	64
353	199
327	15
225	212
300	458
261	373
319	157
405	275
133	436
248	367
413	374
339	341
330	216
251	347
285	160
380	174
269	175
220	487
276	251
542	144
407	393
383	455
493	298
384	111
217	224
99	239
316	430
289	479
290	170
102	100
117	359
297	558
373	240
346	231
301	271
257	95
123	344
373	429
451	458
304	330
545	170
307	163
273	353
292	219
392	573
188	281
179	300
274	581
287	584
277	568
144	172
285	528
232	372
308	308
366	183
316	286
302	165
277	474
283	524
299	304
197	358
288	98
471	336
293	146
439	476
175	200
312	75
329	486
330	394
385	253
90	231
318	509
548	357
331	237
337	186
254	142
488	233
318	292
393	170
197	191
275	549
300	270
393	549
233	426
329	112
520	267
225	229
214	114
285	204
187	194
421	382
467	462
267	353
243	238
334	222
421	367
305	273
354	459
171	170
307	151
238	510
309	317
245	501
224	274
118	300
244	331
398	367
154	252
284	558
181	378
157	147
418	349
223	444
254	155
484	272
55	238
288	131
265	52
414	409
186	312
440	394
503	392
149	341
371	178
352	438
501	325
418	280
297	77
420	219
266	225
402	240
206	83
310	426
80	312
311	249
317	232
324	534
333	400
217	302
253	206
387	225
108	342
177	234
202	145
269	546
419	384
41	355
259	320
300	187
293	46
375	313
425	527
207	91
365	401
287	187
312	536
278	384
307	423
263	343
340	254
246	154
433	337
323	61
409	235
207	325
323	376
93	152
362	91
109	321
204	120
232	379
148	194
280	375
267	514
242	387
300	336
260	194
319	380
372	343
438	60
309	345
294	182
334	452
250	71
387	330
123	487
301	484
304	43
383	471
292	311
377	257
72	296
366	428
260	337
393	328
311	321
351	243
444	137
366	107
43	389
172	71
256	291
316	470
362	565
163	307
124	340
256	514
300	174
377	450
304	397
359	418
92	441
300	242
468	419
174	359
177	213
298	544
435	372
368	350
344	534
298	281
277	304
321	435
547	292
277	493
281	272
412	352
320	79
363	49
429	493
326	47
112	267
235	37
171	396
285	569
303	384
302	512
198	472
319	289
403	278
452	431
217	373
339	319
423	362
297	484
239	579
200	438
310	158
268	401
570	265
165	187
399	55
202	273
289	477
494	306
342	129
429	431
411	240
424	272
297	381
524	381
448	308
271	328
412	67
317	221
315	99
256	107
174	181
268	426
310	567
39	390
360	55
341	346
237	226
249	389
312	481
258	331
306	158
218	512
484	317
114	77
280	239
239	427
289	235
311	465
221	414
330	469
110	414
283	524
329	175
375	560
402	73
306	315
334	353
206	91
297	178
145	348
252	301
283	236
225	108
469	189
278	184
359	417
382	445
406	284
371	195
274	465
227	523
98	366
277	315
146	253
386	397
168	368
235	150
285	38
380	172
252	461
280	442
230	396
384	324
304	187
319	493
220	303
476	456
92	229
369	352
193	516
164	344
259	287
255	339
307	439
304	188
273	199
352	319
294	474
428	293
324	194
213	496
128	420
271	339
279	521
466	221
239	282
295	518
279	396
288	590
498	355
130	224
263	213
218	205
235	131
433	512
185	222
312	472
469	369
263	278
321	282
233	102
360	374
341	241
375	476
316	89
296	148
301	402
160	191
313	449
294	394
271	305
319	532
428	97
322	208
380	448
221	271
391	357
287	146
313	439
464	326
253	396
302	316
313	203
228	360
223	151
315	256
154	108
295	392
244	291
426	508
174	223
311	126
338	334
426	237
381	210
293	364
211	565
203	512
471	138
332	562
280	571
281	250
270	499
296	551
248	199
274	429
482	306
389	437
460	266
303	271
249	353
439	448
306	380
397	464
68	357
333	420
191	328
239	524
346	255
120	415
374	280
335	310
466	255
489	327
268	562
421	83
310	295
60	410
65	159
300	337
300	478
243	283
192	215
320	193
330	486
381	390
245	194
229	318
370	261
413	326
434	356
265	348
310	216
533	422
284	166
248	268
303	155
341	395
396	223
266	124
304	183
326	49
298	31
149	114
425	418
292	563
401	319
109	341
235	279
275	256
206	541
310	557
289	584
346	142
422	256
308	40
321	239
320	528
190	205
188	198
237	126
289	441
313	350
304	561
311	396
289	350
327	265
302	547
236	425
364	357
258	125
306	320
142	286
457	266
200	339
172	460
300	425
432	203
300	487
428	176
218	439
304	510
465	366
284	36
475	398
152	216
546	217
214	416
233	110
189	379
543	331
183	257
381	521
335	367
98	474
217	300
589	291
273	172
359	114
311	23
387	153
244	256
214	150
230	328
250	362
419	505
425	513
306	295
164	266
371	287
281	399
300	117
281	255
302	135
312	201
239	166
374	309
272	323
256	477
397	136
523	312
274	478
44	272
164	500
350	58
96	273
390	206
399	250
45	266
389	183
375	154
263	329
308	585
305	149
375	308
311	190
309	506
274	142
292	377
348	50
276	34
299	517
482	163
345	280
447	319
378	146
34	297
183	82
445	444
503	292
442	387
325	346
228	321
403	450
176	334
468	390
275	65
287	184
273	458
381	321
296	336
475	177
221	267
308	481
204	120
325	358
250	521
363	434
303	534
268	180
260	110
214	77
241	515
459	348
281	514
305	534
325	87
341	209
560	291
149	166
318	573
306	556
66	137
307	594
301	151
293	75
348	362
292	569
343	366
305	229
440	461
61	269
546	159
300	469
412	553
428	337
306	504
356	528
249	65
301	72
473	178
397	243
300	354
318	124
502	210
155	541
299	58
457	519
193	213
295	559
279	80
366	451
425	315
528	217
289	58
455	344
285	464
323	518
386	250
282	110
87	210
314	218
277	154
433	311
505	398
376	120
274	127
434	413
300	486
528	416
221	169
369	242
210	488
296	22
538	217
280	12
254	286
276	393
380	423
329	522
502	309
182	355
322	196
354	15
437	395
300	306
237	437
312	119
309	219
397	466
400	435
301	26
301	498
295	352
49	369
315	249
380	42
253	33
434	178
190	338
81	358
296	438
278	193
580	243
476	353
308	127
297	412
228	499
279	350
313	275
193	277
365	359
299	337
374	221
240	315
135	443
301	515
245	107
279	315
274	245
203	291
334	251
332	57
296	43
359	384
139	519
397	236
317	399
363	430
106	104
297	117
355	389
309	224
277	540
106	485
462	358
221	469
319	117
251	486
360	260
421	68
361	253
311	363
293	259
402	559
261	317
477	442
430	354
265	245
307	195
299	129
434	184
499	374
197	429
340	520
341	332
272	487
250	197
268	71
339	400
382	132
300	586
308	235
300	243
235	334
379	111
515	304
301	73
217	244
509	432
290	162
301	455
304	303
262	499
174	306
250	82
527	426
300	35
383	463
256	286
168	329
170	273
240	468
99	204
151	274
317	170
298	48
322	213
484	132
223	289
263	430
363	194
291	183
260	508
363	380
190	109
424	341
330	435
338	59
344	112
307	35
191	165
313	233
315	72
422	346
308	364
160	330
243	474
211	159
263	111
308	478
165	318
263	242
311	214
312	401
292	205
158	252
369	268
361	422
141	501
369	563
546	335
293	90
228	147
207	222
300	175
329	427
335	572
290	74
289	573
295	261
239	287
206	203
382	240
259	242
299	176
438	124
309	221
239	360
186	215
302	221
580	388
166	115
364	352
323	584
503	281
264	228
361	202
323	542
268	534
420	435
267	279
467	521
232	435
155	343
367	374
350	102
283	93
229	279
181	210
293	242
390	464
89	325
285	46
103	322
178	280
255	163
438	405
348	226
520	351
280	248
369	265
185	470
261	363
220	26
483	439
137	118
135	473
277	364
308	271
311	363
339	391
308	385
273	171
279	340
309	434
128	145
310	481
348	150
383	163
289	413
311	437
254	225
300	12
347	80
265	153
487	81
330	471
148	352
291	353
341	500
306	201
308	75
90	232
408	312
299	87
316	124
366	408
428	426
149	518
303	431
318	31
226	372
293	56
312	102
313	172
296	311
508	202
145	385
296	138
444	400
237	403
552	225
438	131
298	10
336	483
294	18
331	542
276	544
242	262
356	276
396	248
151	300
318	435
289	437
303	274
354	575
258	342
351	335
205	169
310	419
256	472
295	363
273	315
264	99
274	238
341	546
266	247
353	177
402	483
110	409
289	509
313	68
135	261
120	309
259	473
296	431
341	288
320	217
319	379
413	244
95	255
385	442
271	82
249	427
268	392
327	212
422	332
261	431
264	470
484	264
302	400
299	441
332	557
198	242
348	513
157	382
421	90
271	68
148	518
224	179
291	457
279	489
76	333
236	474
328	261
284	153
319	293
72	413
476	388
413	346
192	516
352	381
260	269
302	227
347	281
330	395
313	71
326	30
251	88
160	249
279	150
423	207
393	145
247	98
220	216
291	379
543	272
313	586
281	190
325	142
207	195
511	251
360	252
290	308
189	335
299	255
172	508
348	338
145	289
409	365
177	430
300	150
329	159
144	187
309	476
306	439
273	127
412	353
282	174
285	537
413	460
381	223
251	269
185	372
323	175
373	403
228	165
321	19
399	450
118	155
292	348
312	102
468	158
157	185
308	561
280	452
181	322
216	429
297	587
265	452
422	418
304	98
262	213
284	463
527	266
300	486
358	521
218	494
229	275
182	265
543	335
278	147
515	408
330	369
454	467
263	48
350	310
457	208
313	112
171	318
150	172
528	274
140	325
460	447
276	165
200	436
240	90
169	263
303	151
193	309
387	190
297	513
310	322
223	131
432	319
375	50
373	320
290	301
293	361
300	187
376	493
313	503
271	66
243	331
208	549
185	433
172	281
67	323
133	379
482	328
303	98
182	368
373	508
347	220
389	415
226	343
238	101
266	351
257	321
275	469
249	198
334	231
258	34
495	270
94	392
137	141
286	56
379	561
209	442
215	144
335	108
287	573
326	379
354	289
170	293
461	433
296	440
332	329
242	188
342	590
486	341
88	219
259	587
332	195
253	242
552	235
225	80
278	444
485	313
307	308
26	333
226	174
294	449
334	96
298	486
308	177
278	410
124	263
235	304
211	357
414	240
152	434
119	305
199	253
328	336
256	271
202	494
258	399
322	177
333	469
272	223
305	440
197	233
316	433
379	141
164	459
430	411
457	325
293	118
237	352
349	270
296	197
334	300
311	312
253	299
263	446
307	246
349	279
251	497
258	275
277	169
317	382
389	265
281	305
191	287
443	174
510	396
248	208
203	181
374	267
153	173
374	239
347	367
366	542
446	201
159	350
199	286
375	219
290	14
228	269
304	507
318	63
359	126
286	359
336	408
260	321
205	307
321	170
288	86
243	289
123	300
230	441
287	584
300	243
276	522
149	447
368	381
213	222
271	50
135	300
116	388
300	196
184	296
326	332
272	581
135	401
323	444
372	254
349	425
221	366
370	349
282	116
382	61
187	156
218	399
510	321
232	54
238	538
227	270
299	86
316	245
295	371
432	158
239	422
324	477
293	306
346	111
319	383
308	403
350	246
401	94
393	341
308	72
457	189
389	151
407	397
134	168
544	232
457	258
416	442
284	574
31	322
341	223
212	509
413	311
337	435
319	357
302	239
246	218
294	300
323	266
294	307
307	252
288	551
144	256
341	243
235	175
500	195
18	317
291	111
310	187
344	27
243	52
259	459
440	275
235	402
310	511
122	353
346	350
418	144
500	507
433	287
86	173
243	290
347	157
268	131
410	218
340	297
512	234
209	224
309	440
303	266
506	203
406	281
105	316
287	466
333	155
320	343
191	389
225	182
244	211
394	171
259	28
394	368
376	468
355	373
158	161
318	472
258	435
267	73
422	323
258	530
234	416
391	29
315	142
180	151
341	324
311	397
19	351
375	109
126	98
364	362
420	130
280	397
393	451
494	424
291	328
203	153
165	337
539	420
292	357
298	270
277	299
187	240
345	73
393	163
210	262
295	211
60	209
286	416
360	335
294	231
395	500
343	550
343	273
309	310
252	196
168	300
181	338
272	454
250	248
261	262
278	446
305	57
365	104
423	411
293	58
378	520
278	61
519	235
308	512
142	181
469	159
363	548
239	454
300	160
334	94
171	442
281	29
273	261
374	360
300	165
270	463
414	443
318	216
264	161
458	132
309	104
245	329
362	107
349	300
273	305
304	206
192	449
300	214
347	13
279	8
302	548
302	139
392	357
152	190
15	347
416	226
264	89
320	264
529	299
260	300
301	259
357	358
283	368
241	152
253	43
298	548
141	89
226	275
329	498
292	83
398	450
258	565
298	446
481	234
477	428
333	417
166	209
347	393
308	280
361	139
300	393
29	305
160	352
306	289
326	536
455	168
298	124
265	368
131	329
299	376
157	409
271	385
291	68
186	431
316	554
424	313
239	402
370	414
269	251
354	28
237	417
341	344
364	174
302	115
333	278
257	491
297	365
308	363
453	124
171	150
218	367
314	450
302	221
297	135
230	398
358	183
275	127
300	24
340	349
304	401
462	433
304	152
186	496
246	301
531	367
188	340
324	75
281	570
158	304
51	305
357	391
209	324
381	566
319	318
299	249
516	245
247	473
157	504
238	427
305	521
352	184
384	493
386	300
349	474
309	219
296	457
292	492
273	496
324	90
300	193
167	245
376	331
66	336
301	449
230	439
314	128
395	425
404	292
253	179
255	373
547	381
267	582
484	277
299	550
143	420
214	463
264	188
451	405
302	123
461	182
359	306
338	78
205	464
282	421
254	309
347	422
298	282
306	396
308	441
287	26
300	438
307	323
424	466
333	368
297	514
346	334
346	72
271	40
436	414
302	237
342	471
294	307
108	232
279	435
137	251
359	35
189	144
267	448
327	344
239	414
299	255
367	23
284	459
289	186
99	329
309	522
300	135
338	86
191	224
230	435
254	325
245	455
314	547
244	228
285	253
351	436
237	510
289	83
274	77
252	111
230	407
358	377
300	257
405	82
313	331
49	312
362	487
221	309
373	450
153	211
265	283
229	246
278	182
250	314
140	148
152	324
271	168
221	209
110	397
313	93
200	418
208	437
231	150
259	483
341	73
367	316
76	299
349	214
341	8
311	480
286	354
339	133
297	167
104	320
524	277
438	328
493	255
95	240
193	398
253	84
317	104
245	304
324	204
361	198
380	208
310	176
325	408
320	321
204	528
326	270
100	489
328	395
316	233
305	574
215	228
307	148
204	77
170	280
274	253
215	251
273	253
209	205
268	429
288	18
393	492
329	199
329	544
161	93
541	431
378	452
244	433
328	452
369	300
417	197
296	348
356	162
292	93
57	341
309	26
356	209
265	215
276	450
497	387
421	163
229	322
253	200
267	231
445	220
369	119
301	583
302	239
257	463
480	201
316	269
315	32
301	417
129	228
289	413
290	536
477	308
236	303
292	554
212	140
302	282
376	170
179	155
394	133
295	225
296	125
403	55
334	373
436	148
326	592
300	185
318	57
278	481
206	409
366	123
318	397
113	201
310	223
348	327
309	188
66	250
359	446
369	517
274	307
334	506
374	221
89	363
533	334
350	178
197	349
282	197
458	240
369	144
155	255
258	243
372	133
394	392
314	445
363	256
235	432
358	421
198	239
243	484
232	351
486	260
41	300
273	238
302	132
320	386
300	299
191	320
115	360
432	233
300	133
285	143
149	295
378	166
239	266
374	292
297	108
326	495
375	520
300	388
395	305
313	412
81	338
332	298
217	351
209	472
268	217
327	337
537	221
175	397
171	236
289	25
263	29
292	107
196	108
178	280
302	573
294	50
307	240
100	298
296	57
119	196
118	196
297	303
348	206
500	459
361	68
321	414
212	287
310	513
402	380
339	472
356	113
432	500
472	315
344	281
361	385
334	40
259	376
286	401
185	560
307	368
280	505
451	190
308	206
324	417
291	96
232	48
301	34
301	258
190	327
301	267
222	323
296	106
294	246
244	466
370	250
286	92
150	336
263	406
419	407
505	327
280	37
321	363
334	95
290	593
363	253
326	426
110	187
327	545
220	312
123	290
477	326
194	382
295	252
311	577
330	357
298	98
295	166
357	572
252	119
325	48
325	360
237	583
170	341
320	279
291	498
262	553
357	553
116	277
111	366
273	104
109	262
173	76
291	387
358	143
261	351
396	439
348	309
416	311
228	361
413	125
257	269
470	263
61	260
484	160
414	284
298	412
163	470
281	558
309	512
300	392
278	400
320	335
171	479
300	189
208	92
493	222
53	336
430	520
449	107
244	325
465	233
358	156
313	209
383	243
355	528
319	275
294	389
303	489
294	520
490	360
232	469
275	496
306	388
352	559
226	190
238	381
163	432
141	251
246	277
423	395
417	390
294	493
345	317
305	469
319	124
290	218
358	485
148	335
105	488
228	96
301	495
293	553
53	293
300	300
226	195
282	472
411	205
466	369
286	3
214	208
179	414
300	415
132	275
303	443
355	294
312	508
443	271
278	486
119	320
382	348
379	479
302	70
399	121
461	312
298	156
377	154
216	574
202	321
300	324
112	222
259	489
278	145
347	366
300	476
295	303
309	375
259	166
552	398
294	440
62	304
435	248
240	151
294	239
505	475
226	415
254	26
321	304
318	217
179	268
222	259
244	177
208	145
311	89
159	487
240	559
282	204
350	418
313	210
310	566
224	300
255	129
569	263
292	398
354	351
191	492
47	380
154	180
355	119
272	30
502	447
250	340
274	78
261	432
301	43
311	515
216	48
397	306
401	286
358	141
319	193
386	108
473	317
199	212
83	264
458	342
300	509
327	131
122	301
322	242
301	39
322	249
395	282
296	189
340	154
245	251
214	408
257	164
266	102
268	515
183	518
222	285
235	484
315	491
346	101
249	60
286	436
459	250
366	476
383	348
302	593
300	55
272	430
298	116
580	251
153	188
300	555
287	414
214	275
253	102
292	472
300	227
230	312
230	169
155	74
309	189
409	297
117	390
301	86
409	112
438	73
291	432
410	375
262	201
392	357
345	314
358	488
386	333
160	206
277	468
372	420
319	210
356	483
197	394
330	264
56	345
446	255
264	49
448	334
276	184
317	230
228	165
310	502
510	326
302	477
247	440
547	233
131	332
340	439
368	81
325	189
438	340
217	547
229	415
350	565
123	350
297	327
308	352
175	406
22	385
355	517
369	367
280	240
93	497
290	131
296	502
307	370
402	56
302	495
296	119
202	300
344	483
366	134
284	87
324	520
324	339
276	332
430	157
306	553
346	135
274	380
393	200
422	303
168	341
305	148
274	269
131	262
250	235
364	438
329	310
436	143
276	592
300	365
383	370
262	39
237	547
303	396
312	329
367	284
243	549
221	74
273	447
307	26
251	259
368	310
288	335
181	402
336	115
121	325
211	405
290	158
195	393
482	294
546	241
159	502
277	47
345	506
300	454
293	581
458	275
311	118
471	201
287	355
303	563
272	243
199	425
402	346
421	165
200	79
275	492
312	583
348	398
427	259
351	97
259	302
145	486
168	220
327	570
293	424
151	353
512	322
226	184
379	530
274	417
243	486
314	25
298	111
523	255
389	232
263	198
86	385
281	472
117	305
331	25
252	422
30	297
328	276
345	488
295	580
303	69
49	270
371	417
339	366
286	306
206	505
234	286
538	292
305	489
154	472
296	503
175	135
325	112
337	563
345	315
311	188
317	17
290	204
75	183
515	388
186	303
303	12
344	370
248	419
273	143
307	480
187	425
265	250
299	469
335	345
295	106
517	350
172	323
161	250
315	123
517	237
476	396
252	346
184	391
307	305
444	507
435	74
461	139
290	64
374	311
81	406
269	398
300	321
46	320
390	376
273	272
77	298
511	226
333	337
356	54
357	216
153	273
361	257
227	358
131	181
301	372
197	291
503	464
258	68
383	232
295	41
301	121
299	130
328	323
286	241
425	160
245	259
303	161
369	65
265	190
286	391
340	240
349	329
271	101
375	116
446	149
361	362
354	204
184	180
360	454
146	241
419	100
261	443
342	433
464	394
340	428
270	108
294	299
296	337
327	296
197	217
249	392
220	154
261	119
268	300
210	249
347	91
421	412
256	515
158	119
368	368
377	179
394	309
136	467
265	456
343	111
307	275
313	420
280	493
469	132
508	452
486	349
223	305
309	483
443	257
103	422
519	317
143	152
300	209
200	90
278	280
441	154
202	316
224	404
177	413
465	466
89	233
299	119
266	453
252	311
349	485
375	506
189	322
422	421
410	377
349	109
311	517
451	405
378	276
306	311
340	513
303	282
242	441
120	443
284	222
330	410
190	452
294	551
300	121
211	161
301	315
401	133
182	300
119	279
330	466
301	457
247	483
325	103
326	399
340	72
469	354
299	107
316	146
346	294
330	116
345	344
277	288
206	358
430	273
436	156
234	334
271	331
167	465
236	406
126	303
336	212
363	324
447	153
276	193
111	243
247	70
483	381
311	290
300	228
269	190
490	260
285	166
306	16
301	356
298	146
174	245
223	475
262	463
384	397
341	206
232	265
212	374
124	230
240	356
108	303
230	515
231	457
241	370
199	34
92	273
356	231
216	289
504	368
410	212
330	492
321	166
217	243
282	359
270	95
266	225
406	265
353	530
276	211
327	289
334	387
327	42
32	313
255	405
358	88
354	147
256	311
428	542
556	308
131	510
313	144
432	262
309	347
110	301
278	365
326	283
235	431
258	428
218	54
300	162
300	299
324	232
314	96
243	522
147	417
233	261
431	313
377	311
341	237
334	212
482	261
543	380
396	264
197	111
337	238
273	295
313	361
505	224
46	333
248	424
330	396
80	321
273	81
321	212
351	40
170	281
298	504
125	228
555	361
311	104
189	451
413	191
290	32
372	298
148	253
192	441
229	532
308	382
292	589
262	483
217	295
309	442
277	271
139	476
394	134
385	241
344	496
240	326
390	286
285	256
186	371
307	529
260	395
300	448
465	483
441	327
251	443
275	165
295	444
445	217
285	383
175	295
275	155
272	309
168	224
266	279
169	487
324	42
299	132
309	264
99	260
342	42
520	407
315	212
374	267
394	144
165	206
289	156
250	385
499	356
288	275
236	58
244	38
194	250
329	444
380	133
245	346
276	433
160	207
455	259
238	196
137	101
376	291
541	286
406	264
371	182
300	60
281	266
391	316
362	300
286	329
206	297
57	335
549	252
187	373
429	425
155	156
487	293
274	292
362	337
286	411
270	183
354	18
257	160
303	496
107	342
296	97
72	375
273	221
170	391
301	139
337	221
561	308
302	97
302	549
473	178
348	511
93	225
340	271
361	316
498	260
394	547
151	539
180	462
306	417
214	377
472	374
241	164
465	121
424	313
406	240
500	194
346	308
300	310
415	39
272	362
404	134
254	477
222	229
411	475
296	194
336	208
445	324
452	424
267	303
166	106
377	385
462	313
294	22
471	500
397	98
328	489
273	326
285	161
260	393
442	84
308	71
316	110
143	451
323	536
452	445
114	464
380	318
92	135
153	518
21	277
479	291
356	303
281	67
384	170
253	351
289	96
301	96
403	201
270	448
303	244
242	51
285	440
327	276
399	317
154	358
306	550
285	27
302	318
142	250
127	403
350	359
430	469
326	408
320	506
187	246
162	174
236	234
356	245
124	106
408	294
193	553
312	307
265	246
371	310
365	127
388	346
468	227
184	144
242	344
222	330
228	298
318	208
535	269
240	303
274	113
397	365
335	246
269	493
305	541
270	243
425	284
182	96
161	247
260	111
310	493
398	283
293	190
156	194
310	94
446	488
270	115
336	167
196	268
307	165
180	219
328	365
264	341
102	331
346	105
307	485
461	460
75	262
289	242
360	235
299	283
191	366
221	327
313	167
255	32
297	397
272	455
297	458
134	303
474	381
367	168
295	217
340	381
335	436
136	451
135	430
322	84
255	265
205	311
253	582
350	144
270	93
239	90
355	98
220	167
283	76
308	220
216	33
273	236
370	309
273	288
414	277
390	351
372	191
309	562
221	150
427	249
324	238
252	36
53	428
347	380
287	168
164	208
171	155
318	504
179	410
217	163
225	208
259	228
83	455
263	462
247	147
324	277
303	272
401	540
125	308
482	302
300	356
302	419
324	422
317	153
323	541
163	506
333	433
162	351
390	257
260	372
373	405
145	339
343	262
240	190
504	372
210	201
247	307
330	100
230	547
457	162
300	225
189	461
299	406
222	158
272	268
62	300
368	267
320	80
196	356
309	470
276	61
359	140
490	148
429	145
223	316
237	176
355	476
352	550
305	63
224	273
298	181
192	164
376	182
194	395
319	434
186	524
420	266
388	136
339	398
408	479
321	480
378	92
305	322
316	490
313	165
359	193
246	112
197	114
330	214
325	409
270	227
280	377
234	234
390	260
194	89
327	315
156	146
470	522
319	302
181	260
243	449
251	479
328	485
212	129
245	438
366	184
91	300
375	99
324	481
221	325
302	453
343	167
333	266
468	313
243	564
419	285
283	294
126	478
310	207
327	132
283	389
268	248
308	60
333	367
229	302
319	527
285	28
105	249
493	339
216	530
289	107
213	272
255	27
293	390
327	266
394	534
257	188
327	302
300	410
284	204
481	197
194	157
429	91
301	261
427	170
416	347
320	140
138	241
332	566
300	99
214	388
283	350
248	315
258	317
195	128
133	303
275	512
280	281
205	349
256	448
147	235
270	31
180	250
257	268
134	421
282	410
139	78
393	451
155	385
61	279
509	266
387	516
325	228
183	59
259	517
396	444
341	271
50	405
210	395
333	294
18	252
189	362
160	444
516	370
330	517
295	388
270	401
309	71
359	41
175	506
328	93
374	211
229	38
262	350
318	433
233	475
262	126
333	393
350	256
313	385
352	101
266	154
256	147
268	313
483	345
292	127
179	218
443	199
301	126
314	407
124	324
290	455
198	242
474	474
301	394
219	403
272	317
353	491
270	542
137	306
299	29
374	510
452	118
179	389
170	271
313	6
307	570
353	168
327	79
291	417
300	373
465	182
69	354
305	259
334	533
268	517
110	279
206	474
396	247
480	216
299	323
359	144
455	282
292	132
340	138
310	284
157	190
307	393
224	383
281	487
121	194
323	86
313	441
454	260
387	209
145	169
224	165
295	69
405	373
223	71
412	280
354	487
314	385
302	548
284	339
205	429
266	346
385	166
162	497
441	447
242	508
331	324
238	510
365	370
268	444
352	397
309	292
300	217
304	195
263	23
476	193
551	155
365	187
482	153
297	414
207	149
333	328
218	462
310	229
368	333
488	82
301	88
417	417
164	126
212	237
217	349
287	19
401	283
318	498
314	441
303	512
300	243
300	253
300	12
182	458
537	277
221	510
337	311
279	223
434	124
495	320
422	267
80	321
301	516
171	364
358	489
289	437
110	445
253	408
204	452
312	245
325	100
401	322
157	497
334	311
146	452
295	329
444	341
300	489
474	372
208	300
178	317
419	170
289	545
271	225
304	421
293	27
338	429
240	500
245	285
387	388
440	259
323	471
320	495
242	476
354	108
312	403
275	458
251	300
165	411
401	292
325	246
393	482
230	403
207	241
349	396
102	327
304	203
302	453
300	444
253	136
300	385
69	283
297	240
200	558
431	181
251	344
469	180
345	459
326	540
251	278
60	453
220	201
244	271
99	417
332	27
344	290
342	32
288	153
286	172
247	522
314	415
259	472
321	529
226	487
258	378
300	569
439	259
298	306
291	368
170	72
316	65
438	282
331	416
109	428
219	462
419	268
284	374
165	335
340	119
292	256
349	548
357	448
250	74
111	143
413	383
270	143
225	475
532	144
227	527
195	237
281	273
363	89
300	383
171	183
208	415
332	28
485	339
314	81
333	237
377	77
421	207
302	321
541	347
182	356
435	159
311	236
274	270
277	381
312	28
373	447
309	233
251	136
324	282
300	561
300	117
302	67
306	316
299	385
237	442
300	401
132	384
300	321
242	408
173	165
397	404
247	190
434	77
423	408
370	472
345	225
248	156
398	66
361	209
327	228
222	565
447	345
519	341
353	397
321	444
345	195
257	104
274	478
292	329
237	389
304	138
187	249
391	477
97	380
341	218
447	301
296	127
326	466
211	444
289	251
179	287
242	182
281	147
166	146
411	218
245	275
522	410
391	545
257	146
451	364
112	291
433	496
178	165
450	514
381	434
205	558
383	241
294	156
310	586
236	307
407	261
255	396
194	346
442	256
517	138
239	85
324	380
340	395
235	359
175	186
342	212
258	270
302	463
143	278
270	404
302	245
198	185
346	417
166	207
141	310
134	424
330	386
448	84
359	248
551	429
252	176
245	137
174	360
268	186
243	158
190	289
491	252
255	235
254	332
263	552
184	356
273	285
298	573
343	358
334	69
382	101
560	360
415	458
237	164
300	362
427	390
301	65
536	218
238	327
334	91
315	245
120	300
319	170
271	300
337	91
309	36
345	300
242	290
69	308
307	394
217	282
293	490
228	300
389	435
369	250
233	323
518	407
259	77
399	353
334	189
201	228
396	401
129	326
374	467
312	398
296	96
367	479
501	245
371	77
236	448
299	550
253	392
292	41
247	270
181	327
276	264
352	481
475	405
397	196
255	269
295	404
524	384
238	16
254	23
240	210
313	124
236	154
242	157
321	258
229	431
299	464
310	589
343	521
416	446
201	129
140	279
427	457
452	415
286	95
201	398
444	167
447	394
298	132
212	93
312	66
381	201
183	353
255	374
354	327
244	99
473	420
451	494
324	249
437	46
302	241
316	570
287	426
520	198
333	380
18	280
206	535
321	568
193	134
426	218
324	445
183	493
310	103
301	310
233	303
394	558
297	67
312	392
295	292
189	197
316	300
279	42
88	286
207	205
290	199
308	338
186	382
291	333
265	324
292	131
289	66
332	141
301	442
289	515
307	279
333	128
321	206
300	219
159	396
267	574
413	372
434	509
152	201
163	378
452	320
212	429
269	512
448	363
219	261
97	170
255	130
454	234
138	309
316	424
260	151
394	526
327	219
143	380
272	523
419	60
262	108
282	367
318	500
264	46
305	238
448	288
272	293
355	457
300	231
510	287
231	435
379	129
291	60
320	58
167	58
317	285
319	131
305	88
336	304
195	52
397	330
392	535
300	587
365	374
222	498
269	495
283	104
76	244
426	426
482	257
392	179
130	287
122	320
373	321
373	491
224	419
300	297
144	252
285	253
285	291
380	166
326	279
303	344
287	229
297	156
369	377
161	274
280	188
325	384
299	66
450	374
286	167
309	212
298	238
561	203
433	390
78	276
360	189
159	338
81	197
279	200
482	220
298	473
180	353
238	260
236	196
223	197
200	280
218	509
190	336
491	330
268	172
317	375
201	247
337	267
275	373
208	59
297	521
311	73
225	217
196	330
287	150
393	573
312	199
346	394
451	124
217	562
352	316
260	64
286	58
156	505
300	407
233	90
237	302
395	507
390	508
301	130
469	232
307	83
336	79
278	303
214	394
275	28
339	568
344	74
329	277
217	45
156	118
363	320
252	526
321	557
283	223
296	312
288	76
302	330
190	358
289	181
327	233
147	250
500	261
276	559
288	363
173	439
168	215
359	537
218	530
131	168
301	396
275	255
224	86
225	92
271	253
451	329
295	402
294	501
421	336
227	368
337	116
396	252
235	496
149	328
243	528
299	472
290	416
408	278
281	454
182	212
280	157
318	370
161	224
369	49
347	290
298	63
280	365
349	367
364	297
300	413
357	270
298	540
320	150
72	380
405	395
465	192
326	507
310	474
305	524
517	352
281	278
299	353
333	110
302	212
292	215
347	305
218	314
298	229
448	244
292	521
104	226
314	162
210	349
105	216
232	351
341	500
280	576
317	100
186	173
353	462
109	450
341	395
419	340
288	271
301	426
321	513
418	442
418	209
320	508
297	392
386	81
329	268
292	94
280	565
307	500
313	250
393	198
272	293
503	191
340	271
303	109
244	539
217	356
306	292
399	231
303	523
203	258
356	116
242	323
297	117
290	238
241	341
277	98
184	530
393	203
389	399
120	330
333	115
228	233
293	531
99	302
249	439
277	488
325	283
251	482
197	417
277	291
283	342
183	251
301	369
250	156
272	456
310	230
257	269
300	250
280	504
201	45
350	196
316	100
286	122
285	367
195	527
284	165
292	157
285	525
255	566
403	307
279	180
273	390
324	158
467	175
215	424
226	406
266	421
232	44
234	81
255	346
307	233
497	206
172	552
207	270
291	173
294	95
422	538
493	241
232	293
320	282
86	196
207	134
372	247
565	240
359	241
298	216
445	133
372	465
80	278
212	156
464	322
291	411
301	57
164	386
452	154
275	343
65	245
346	80
120	248
457	509
311	107
357	168
313	205
301	445
133	319
401	156
218	537
470	356
276	300
499	305
142	260
382	95
294	37
397	238
296	111
227	303
148	415
66	327
420	78
300	437
373	223
295	452
119	388
427	289
392	430
366	254
250	410
358	255
300	353
303	167
134	179
331	254
385	424
133	153
300	145
197	474
446	292
265	224
418	198
240	382
242	542
495	288
257	438
393	570
300	492
358	272
370	129
338	302
315	510
187	243
367	447
300	297
297	4
294	526
316	308
320	537
255	245
438	315
541	315
246	116
242	527
466	342
308	468
281	191
346	168
511	241
284	462
269	327
159	359
280	302
220	409
365	467
307	207
321	295
280	400
292	309
179	467
200	348
315	389
312	273
306	302
226	420
325	418
31	335
282	46
199	371
211	138
328	238
396	253
108	230
401	322
312	305
266	167
435	395
148	244
122	454
425	562
393	414
289	404
305	119
447	177
285	364
89	312
338	162
276	278
376	512
293	258
259	403
356	196
305	389
290	449
241	402
276	68
149	229
99	297
369	561
296	433
415	308
147	320
333	209
352	171
399	327
259	190
459	335
260	36
118	345
288	97
498	443
156	339
275	300
214	360
268	229
243	136
318	415
298	263
376	223
316	151
260	582
314	515
346	229
390	266
465	217
306	117
165	440
278	401
192	382
243	146
222	379
266	315
213	323
145	408
374	302
479	329
311	17
200	357
385	412
392	351
190	50
504	191
288	208
347	451
377	326
287	336
137	312
306	571
330	511
188	313
442	151
309	97
335	464
101	147
283	137
360	320
253	275
315	331
257	200
336	407
436	281
325	129
300	96
208	276
296	533
220	281
231	260
377	372
280	435
269	472
226	308
324	501
281	223
345	178
360	491
113	233
238	257
451	314
322	271
376	313
543	329
248	395
305	170
324	40
72	227
300	32
45	203
283	527
346	115
390	300
318	267
317	511
299	433
267	193
393	338
312	126
447	138
357	560
19	280
360	479
219	230
418	288
133	332
446	260
473	289
304	461
340	331
106	221
393	166
336	177
189	205
327	55
385	145
295	169
312	380
199	171
333	202
400	71
353	517
402	253
174	520
349	285
298	191
307	250
274	418
221	223
171	150
265	68
292	82
171	428
255	555
212	323
153	492
442	320
466	511
295	512
226	171
417	296
506	185
224	315
359	63
385	461
337	291
64	322
283	13
356	284
255	155
264	181
436	126
296	450
295	247
193	83
260	509
261	426
300	37
303	138
135	205
268	488
158	317
295	233
300	21
184	58
446	148
309	236
436	295
284	46
325	319
319	589
221	280
422	287
330	411
310	207
359	335
240	555
112	232
181	343
482	301
300	415
275	144
249	227
372	98
305	53
292	203
268	245
205	304
448	368
295	194
284	156
526	461
301	42
341	410
318	61
362	269
547	351
454	402
419	534
397	70
294	122
417	271
273	549
281	145
341	198
479	464
154	474
313	391
237	446
321	303
263	575
321	467
391	232
301	196
327	369
20	377
84	195
296	522
359	191
311	395
353	512
243	157
323	60
197	423
355	224
173	288
217	580
193	246
418	438
196	382
300	576
332	451
289	329
144	395
142	112
497	247
116	427
250	247
306	272
25	338
317	249
293	348
280	106
258	474
292	407
293	446
276	147
235	459
122	372
200	467
320	428
368	336
448	500
121	226
338	364
296	367
354	201
343	294
344	202
282	132
403	207
481	139
154	145
264	445
269	16
105	111
304	590
325	460
361	572
310	431
364	545
288	9
315	63
379	303
424	202
283	325
254	449
383	395
338	256
394	235
192	87
354	244
174	451
391	314
377	226
86	319
287	554
380	274
391	121
125	175
431	217
275	459
128	460
300	151
297	307
219	539
575	315
301	217
532	240
239	505
433	350
322	92
363	214
302	343
394	388
255	551
204	473
118	253
224	321
402	527
244	282
296	303
314	489
299	395
114	162
413	369
218	44
350	283
262	102
258	248
48	428
527	180
260	115
468	280
504	145
394	131
348	128
127	187
300	277
295	14
98	259
276	591
216	112
232	313
300	216
300	540
322	489
108	372
469	457
387	477
286	527
369	354
276	403
309	474
324	512
257	288
305	528
278	432
338	384
364	244
301	288
236	86
275	337
140	140
395	541
82	312
338	390
336	308
311	351
470	162
73	316
419	272
62	387
430	427
462	297
224	149
305	299
329	16
310	262
276	551
308	256
306	92
319	406
319	375
297	175
316	285
374	228
221	373
380	132
364	32
483	289
281	8
408	261
137	343
249	474
274	161
190	314
313	528
258	523
287	589
423	374
292	478
232	220
334	369
304	436
198	334
310	347
295	152
314	466
115	290
359	495
312	313
340	455
178	91
423	255
296	11
193	184
277	345
147	302
317	237
320	176
435	262
405	376
361	509
323	482
256	396
416	117
352	306
320	389
129	425
299	558
326	538
288	551
36	250
392	263
288	64
242	413
463	205
225	522
311	289
337	275
433	546
314	503
268	205
143	275
281	246
74	361
473	294
137	324
206	415
306	405
577	303
215	112
321	231
363	106
375	300
261	437
266	35
528	425
270	207
303	225
465	399
312	423
331	318
177	481
329	447
321	418
336	215
158	245
285	337
391	212
328	540
167	392
376	475
287	416
114	477
283	130
297	182
278	119
250	251
473	331
308	116
229	248
304	189
161	102
318	259
302	428
313	217
420	246
439	410
298	219
388	72
278	361
304	558
305	408
256	338
200	187
349	283
412	335
278	536
350	266
298	174
151	425
342	230
534	378
130	438
426	356
307	112
378	178
368	314
294	359
227	119
386	263
383	281
295	564
369	336
366	146
240	59
421	120
164	416
254	526
307	228
303	337
217	224
272	289
444	134
483	265
194	426
243	328
226	136
282	370
268	267
410	350
349	203
81	117
274	296
146	144
210	332
247	433
408	299
227	68
300	188
162	247
309	166
393	574
505	218
296	29
310	271
223	487
282	263
117	229
365	110
275	212
205	300
311	372
269	498
294	371
195	115
314	250
211	278
326	208
175	468
153	435
162	522
212	22
371	461
267	504
224	211
330	161
123	535
266	165
411	464
308	572
476	330
427	362
307	459
381	443
147	293
50	300
259	351
426	372
212	49
393	294
264	286
294	530
377	100
403	183
296	86
329	533
362	245
341	22
333	160
492	268
109	246
102	189
84	308
250	525
299	208
334	378
359	217
238	390
387	376
293	179
357	86
233	453
219	350
244	382
345	492
420	331
243	246
331	126
292	318
303	221
396	311
288	110
365	329
291	420
229	323
387	511
266	299
305	537
334	223
269	46
260	487
307	130
333	82
258	430
206	400
201	421
464	126
111	399
300	227
413	516
392	314
147	232
309	169
405	250
278	508
424	458
298	144
313	183
309	405
222	368
323	336
215	210
460	216
210	367
284	444
210	509
292	259
320	461
460	146
232	342
261	295
262	476
427	139
298	308
354	351
230	297
281	213
313	98
76	308
400	558
370	155
333	359
513	212
317	314
270	271
237	139
456	272
269	313
318	278
357	434
331	288
305	196
260	300
235	448
273	262
304	566
183	276
417	213
300	195
349	458
176	401
500	210
166	112
312	186
274	82
270	7
165	346
240	382
332	129
295	118
272	500
285	343
310	163
302	439
499	474
232	182
275	368
367	286
297	442
299	472
326	85
163	201
280	333
484	334
109	340
169	434
308	144
200	147
371	78
255	145
347	186
405	440
475	205
278	151
335	387
412	457
310	208
243	446
300	436
251	574
394	89
262	298
160	393
268	193
303	298
300	478
286	536
204	300
373	198
432	171
407	168
424	397
370	527
471	320
342	36
297	254
257	457
271	285
263	113
310	499
295	486
304	393
262	11
350	124
207	489
281	399
416	64
304	329
297	242
335	374
344	389
312	277
534	293
363	507
87	407
425	63
320	184
217	427
149	398
253	291
225	438
409	315
307	298
460	250
165	303
319	329
241	471
341	156
297	350
492	447
241	539
297	434
175	312
531	345
244	344
433	140
296	355
219	272
276	275
289	495
364	501
347	272
559	319
294	191
250	209
209	419
292	156
279	280
273	574
195	543
334	213
257	147
297	222
69	345
300	518
189	400
305	187
237	384
221	154
299	457
78	458
363	166
254	470
240	107
517	351
302	564
299	305
333	373
264	217
120	376
147	253
256	147
284	50
486	350
464	488
33	306
321	226
96	368
375	286
356	286
320	437
482	290
466	324
212	468
241	179
334	176
257	405
210	176
173	131
256	430
365	267
6	337
289	411
415	345
239	383
324	554
262	564
286	239
288	31
100	404
211	340
348	429
201	508
413	389
419	133
335	89
242	147
238	214
506	427
509	448
370	74
480	296
147	78
276	269
236	445
300	256
81	300
346	194
255	136
256	383
354	380
372	331
346	151
300	440
414	445
292	437
176	59
151	221
229	396
319	272
244	487
144	367
322	102
307	259
502	424
375	168
393	455
300	58
197	366
193	368
292	472
296	72
174	158
38	358
299	178
193	284
220	282
274	472
273	127
320	475
116	317
323	230
300	583
432	162
304	225
361	396
326	571
304	354
251	575
393	519
451	447
438	357
303	76
154	357
224	520
270	452
395	139
371	423
358	238
186	384
294	310
292	391
323	451
284	373
111	254
244	573
218	325
295	335
383	114
427	553
329	544
219	293
360	435
375	422
254	495
459	260
266	152
180	56
308	59
283	252
381	529
417	550
328	485
273	361
332	243
251	417
362	315
305	7
301	232
258	474
276	514
375	287
100	122
435	497
336	320
308	471
123	274
307	292
273	323
40	348
199	253
232	510
292	136
315	538
264	335
303	47
298	360
284	331
372	163
278	351
322	187
272	45
70	221
578	380
417	425
382	532
251	258
339	393
399	353
30	336
227	476
485	259
321	190
226	158
235	32
297	318
519	172
135	474
171	267
412	298
511	227
294	564
331	306
413	336
174	339
473	318
154	229
406	316
332	535
409	447
319	208
222	296
351	250
497	286
315	450
43	286
218	461
230	432
219	62
446	127
391	191
306	538
227	274
303	32
263	73
469	483
315	411
284	100
294	186
367	218
347	305
302	149
260	449
293	300
389	250
306	228
457	320
486	272
310	481
241	262
474	429
300	116
325	340
399	265
324	354
371	302
373	291
193	472
258	396
148	291
330	370
352	433
268	152
230	506
407	408
310	155
351	390
341	417
276	335
313	357
137	332
513	283
87	331
422	345
301	140
301	308
440	235
467	394
367	488
167	269
336	363
261	362
418	381
413	113
119	166
241	380
47	216
333	116
472	313
271	441
285	356
243	56
106	179
303	386
382	326
276	221
340	318
277	237
342	392
430	370
349	97
219	546
205	114
284	448
307	13
352	272
281	141
10	243
318	462
306	200
292	279
119	181
221	406
331	167
239	478
78	283
155	216
385	445
157	309
229	177
272	395
405	238
340	450
294	243
250	273
220	362
161	458
330	145
287	94
212	416
153	303
297	31
324	73
266	577
298	389
286	387
194	193
313	39
294	67
375	522
270	440
283	266
77	312
292	481
300	303
196	317
288	559
438	306
300	216
259	369
213	200
268	278
320	379
384	130
305	34
487	131
205	484
246	26
162	453
303	200
148	210
383	80
294	219
381	505
295	443
472	426
146	221
249	478
327	588
231	301
210	233
205	316
301	524
244	144
307	310
421	530
239	510
71	383
151	417
147	199
261	490
418	349
296	238
186	245
375	301
310	146
365	241
319	154
298	343
106	368
388	541
341	344
317	319
555	246
295	253
204	296
326	136
315	326
295	380
317	113
383	266
482	389
229	145
404	176
443	271
423	323
218	537
228	360
92	415
254	503
50	170
156	309
305	105
251	433
155	274
312	246
301	105
303	238
351	438
300	191
177	244
271	219
483	126
208	206
363	199
244	300
301	457
313	50
297	254
530	253
301	514
282	416
279	188
300	244
94	186
351	388
161	299
248	235
448	293
273	170
368	451
324	375
232	149
242	51
146	396
353	210
585	316
95	432
271	293
250	62
325	439
302	30
323	408
304	27
384	277
239	389
262	524
160	412
291	344
413	514
321	286
110	151
142	345
300	53
261	42
239	102
300	105
352	357
181	188
265	355
239	233
263	262
268	537
328	348
276	54
287	177
357	167
429	133
402	201
473	341
286	243
295	109
425	529
308	472
393	443
328	234
106	492
381	249
303	280
261	191
297	566
324	494
402	300
301	346
337	490
362	82
308	468
315	185
433	252
514	395
338	582
297	184
301	118
346	409
269	334
123	396
297	593
326	590
420	294
285	433
377	189
375	506
230	345
326	502
203	242
287	511
301	26
301	140
407	427
229	424
418	421
300	255
309	128
459	291
318	398
238	438
273	585
386	94
325	520
315	290
82	342
199	159
325	269
267	520
532	239
277	93
297	93
73	264
268	260
160	431
239	210
287	41
366	144
374	276
265	460
336	107
210	212
300	133
439	304
287	520
94	251
157	493
298	387
192	174
453	248
295	39
397	388
275	129
463	365
289	230
305	134
279	24
292	505
363	78
305	467
437	242
397	424
296	507
222	374
251	376
399	111
380	262
428	298
99	349
155	359
79	436
78	230
239	459
273	366
158	378
355	514
324	193
256	400
314	212
292	293
291	368
409	332
431	370
354	402
186	557
495	380
89	387
145	110
295	91
307	145
363	73
295	450
356	473
252	236
338	445
280	369
499	230
287	538
547	236
343	184
498	403
374	377
212	326
360	437
490	220
295	218
462	499
377	190
276	393
190	397
317	268
352	111
362	190
300	304
301	545
193	191
316	98
297	186
213	292
156	447
234	453
227	324
334	110
190	144
515	249
386	285
201	194
368	295
207	512
274	236
373	423
284	287
296	518
163	394
310	276
254	385
318	518
291	239
428	473
539	228
161	260
412	352
302	370
389	468
346	310
334	151
301	560
274	25
196	131
285	192
236	33
295	525
305	204
375	478
122	397
319	251
300	356
451	278
138	356
318	332
361	174
542	281
556	214
371	205
124	157
287	506
474	212
336	430
126	300
292	144
440	126
301	518
216	348
390	253
497	147
251	526
187	90
60	427
348	167
447	90
346	452
412	281
257	394
239	410
345	428
380	364
300	385
317	329
185	311
370	372
300	187
309	146
98	389
287	302
318	400
329	494
274	129
328	179
444	423
522	379
269	123
304	365
170	437
252	331
271	471
240	104
348	176
225	216
281	413
264	566
231	112
215	191
269	337
160	327
132	261
418	443
330	312
370	330
307	455
432	377
268	427
192	370
369	431
520	245
296	328
231	299
311	188
383	344
195	444
172	335
199	229
300	584
372	279
351	245
224	580
332	568
393	467
137	328
116	249
445	203
314	484
348	299
257	107
247	207
243	80
278	124
288	361
278	288
371	406
299	561
300	222
192	357
423	217
313	333
249	95
291	402
393	55
300	291
314	44
321	395
424	281
327	34
188	325
192	199
174	408
259	375
296	184
469	75
332	222
319	278
377	184
260	469
311	397
314	573
411	93
421	347
555	396
348	458
401	448
341	138
561	317
318	341
274	506
66	413
193	322
365	75
293	382
323	435
384	370
293	217
242	105
118	429
262	104
320	77
413	183
321	323
431	125
302	233
272	429
296	590
324	413
238	442
148	425
181	160
269	351
300	343
231	213
206	519
472	354
353	31
263	454
266	251
56	280
252	377
484	143
334	152
299	427
297	393
362	378
262	432
358	201
300	248
291	145
227	480
336	560
333	379
112	379
311	35
346	524
343	402
295	164
362	99
333	370
315	177
375	300
531	124
300	355
237	491
318	483
298	412
290	345
321	587
305	322
339	369
240	464
501	217
445	353
254	304
404	321
355	292
197	346
307	375
353	203
273	443
348	494
372	402
48	369
384	269
298	145
222	46
147	304
307	35
299	172
360	337
352	363
303	572
243	239
432	326
265	460
312	222
410	281
304	485
316	223
489	405
378	383
283	475
197	143
357	349
211	549
283	242
301	488
351	131
150	476
308	358
293	428
331	70
227	107
215	505
184	319
356	365
324	138
356	261
265	376
294	586
524	320
367	433
305	166
266	137
163	395
280	441
241	139
340	569
189	98
318	292
183	59
372	370
400	367
364	217
172	179
268	298
262	311
284	523
467	266
311	49
272	200
343	41
223	130
268	354
397	212
158	172
184	403
246	486
206	521
205	423
458	430
304	418
347	425
265	590
434	407
293	122
293	573
186	333
194	278
226	278
280	262
269	476
277	379
241	578
339	392
217	137
209	489
537	400
217	408
310	157
269	472
226	191
348	427
341	240
341	323
422	309
281	285
169	305
270	406
144	415
226	118
479	410
303	131
374	222
49	238
304	257
314	290
379	203
464	376
214	457
265	43
461	464
364	444
288	338
238	51
265	348
293	201
437	433
92	379
358	486
342	524
329	206
310	245
344	485
325	464
320	60
304	253
345	155
150	181
300	421
297	572
317	452
240	497
183	203
141	312
372	105
303	425
290	394
299	121
179	333
286	483
199	130
200	356
101	360
377	458
444	158
231	336
170	279
285	488
258	122
297	593
51	321
238	485
229	336
395	187
283	473
522	271
225	484
179	66
276	430
287	216
351	382
425	94
345	322
226	528
392	101
438	516
287	443
327	464
339	378
320	431
220	13
219	446
307	502
429	353
342	244
449	206
350	87
242	325
355	219
188	297
302	443
300	570
269	479
237	207
169	297
302	239
184	363
205	101
263	351
202	195
447	199
305	430
281	64
325	417
497	324
289	311
80	140
176	458
297	190
417	269
348	279
542	274
315	385
423	45
352	219
355	467
507	234
300	80
357	216
370	576
297	488
450	140
278	114
525	321
293	37
351	195
405	140
522	320
284	418
256	394
246	151
466	403
459	480
277	476
245	327
283	499
217	262
236	384
229	120
351	256
489	353
335	571
312	412
300	44
300	241
302	280
323	86
284	571
358	443
292	145
378	337
305	563
249	440
356	544
277	571
422	462
422	419
333	515
262	502
372	178
221	558
378	300
250	278
297	137
304	498
289	146
275	249
177	447
301	433
351	30
201	145
244	510
412	434
489	131
280	496
312	69
271	429
407	521
342	137
229	253
217	442
498	224
301	261
267	542
292	57
145	401
376	345
242	62
300	414
86	288
299	306
376	240
328	422
300	399
298	237
166	445
327	514
416	392
417	144
219	453
369	371
310	486
323	251
444	445
4	279
413	418
373	305
279	461
319	273
123	172
287	301
335	315
251	116
312	591
316	141
290	473
98	368
264	368
552	222
324	564
292	505
266	556
301	479
472	91
342	283
379	514
155	266
342	316
290	353
509	311
378	385
346	82
151	189
95	384
260	393
243	63
19	272
420	132
332	439
512	232
330	524
301	476
342	163
246	398
316	66
257	526
278	342
253	170
312	257
361	332
435	246
270	288
294	272
358	422
270	366
307	30
253	265
245	498
79	258
374	25
434	433
350	417
120	302
323	84
444	454
216	73
275	325
320	501
290	505
452	282
249	491
328	219
263	308
273	477
288	443
307	573
253	190
322	425
400	181
313	220
298	239
212	494
304	420
199	344
259	395
334	346
306	177
300	305
381	371
298	557
477	182
322	589
312	46
135	389
279	390
204	261
272	319
523	172
423	362
522	359
419	553
391	531
129	264
384	222
400	555
370	300
270	332
20	216
257	416
383	327
391	415
213	439
301	5
298	246
333	252
63	388
288	86
418	301
227	411
27	300
415	405
567	319
336	354
308	224
107	338
340	414
129	189
309	470
336	423
448	311
43	307
249	335
223	392
256	253
384	184
29	402
293	417
123	518
317	337
291	504
492	133
312	268
483	396
218	213
207	231
378	108
368	252
307	334
257	248
337	449
300	152
403	49
261	313
323	235
114	357
300	210
352	239
413	385
287	75
200	405
383	330
304	192
359	43
258	49
289	24
431	264
380	485
292	180
300	469
313	150
355	300
300	146
174	264
155	79
343	437
230	172
192	56
303	468
316	414
98	251
213	437
248	460
464	210
338	123
317	308
244	204
417	142
322	270
183	514
33	177
411	478
226	93
306	447
241	131
423	444
312	545
299	136
321	277
300	26
479	206
300	583
360	450
285	327
285	527
374	140
310	346
202	274
274	235
260	110
300	57
162	355
140	187
205	289
425	293
88	327
65	221
407	548
471	335
195	193
217	238
197	237
297	113
89	444
263	243
153	499
220	392
348	135
418	350
410	338
288	224
358	225
96	163
29	342
225	197
328	170
66	268
314	513
353	90
148	425
393	301
354	304
320	390
310	248
189	352
298	495
349	260
283	309
320	477
234	198
154	133
277	273
42	385
223	532
198	222
314	527
486	365
197	56
262	292
305	505
111	289
317	567
242	341
83	383
292	372
266	242
300	574
223	501
274	223
187	271
363	248
259	266
293	512
338	520
297	397
271	226
110	184
301	234
300	382
249	230
235	240
124	312
383	229
263	178
314	269
312	193
467	388
161	540
367	338
122	351
330	507
377	487
300	472
314	249
363	122
389	183
412	224
300	37
408	74
286	361
336	284
274	373
224	425
511	332
548	215
276	222
336	27
524	323
269	322
242	217
170	140
304	446
269	351
365	368
282	554
342	531
338	586
275	287
328	544
202	57
451	125
300	474
278	178
357	164
296	87
273	504
275	282
65	276
271	194
408	316
313	454
288	203
306	9
309	202
300	292
322	228
275	472
301	245
346	225
310	532
309	115
296	19
386	353
277	209
166	167
71	329
301	149
331	109
235	283
480	298
290	375
368	309
290	165
256	115
299	31
228	571
346	493
196	371
534	376
112	298
191	393
364	262
107	200
126	441
35	294
329	550
293	336
247	83
285	142
382	311
310	361
326	534
371	375
159	298
250	382
501	379
280	307
500	252
365	452
249	409
319	262
241	240
419	472
458	284
448	220
308	527
282	365
171	380
337	165
317	280
241	286
278	485
257	76
299	13
108	145
136	299
416	366
366	299
300	528
322	372
323	226
268	449
386	348
299	206
305	139
235	427
299	322
321	433
234	188
227	55
358	421
297	340
109	228
278	336
320	541
295	229
413	515
303	366
407	253
304	188
358	281
262	54
226	338
415	374
184	319
301	141
478	171
93	301
264	324
353	473
292	590
198	125
332	436
181	415
335	592
393	415
314	360
431	380
301	461
429	387
330	222
202	419
388	301
297	502
210	116
196	454
339	133
530	153
357	140
236	300
324	281
300	63
369	378
323	483
322	124
334	573
223	267
92	368
494	328
334	533
378	430
202	230
360	498
338	197
215	378
306	173
189	265
531	222
320	241
283	382
297	496
182	456
279	26
351	227
318	27
279	254
166	226
191	369
301	126
255	210
300	416
340	124
291	383
229	538
569	207
514	335
140	216
231	484
376	120
283	115
198	333
308	327
220	194
448	136
281	163
327	576
468	498
477	355
264	263
486	205
160	417
462	358
296	113
300	463
405	418
518	299
242	124
294	315
254	475
366	104
405	368
336	521
317	312
293	578
202	375
269	139
302	142
509	344
258	128
244	498
273	493
284	572
545	345
300	503
235	206
358	393
109	226
344	212
227	351
583	330
277	113
270	159
476	195
297	476
183	70
439	357
375	484
213	415
193	312
327	433
352	500
287	203
339	399
137	462
301	189
192	326
328	374
313	85
287	263
317	465
162	435
298	404
507	508
251	444
333	386
298	279
354	197
505	395
159	333
440	367
283	73
160	327
441	191
309	135
453	483
406	540
279	66
312	235
229	310
347	89
324	387
254	166
263	209
273	369
262	195
116	122
460	314
232	212
317	270
253	343
294	155
353	327
148	292
322	73
241	299
409	99
264	485
190	409
95	218
222	378
299	359
309	361
309	537
324	268
146	130
301	501
269	286
366	326
294	501
218	23
311	90
241	439
480	453
237	332
264	382
220	570
311	198
391	536
563	349
307	283
50	369
331	235
451	242
234	331
264	461
447	329
297	568
276	405
428	295
223	219
358	466
240	280
100	345
270	267
292	362
295	258
494	125
319	458
372	542
379	507
342	286
400	290
314	229
341	136
418	285
386	367
165	436
300	425
443	117
404	323
372	575
391	127
373	123
377	410
351	226
417	138
312	33
251	253
223	262
209	317
304	76
275	377
239	426
259	324
352	192
112	234
319	413
420	298
305	385
315	373
119	158
196	132
154	164
571	277
226	196
399	181
349	59
268	496
377	501
300	47
283	189
451	303
145	298
271	435
449	254
343	193
385	483
323	316
334	102
293	186
174	323
276	34
423	391
439	327
159	360
289	22
268	233
421	361
294	181
174	428
149	233
282	143
149	419
245	458
114	237
275	410
254	169
206	394
342	93
254	297
252	447
333	491
217	527
178	460
293	258
474	540
229	394
468	200
172	44
203	213
238	397
351	478
375	211
97	163
307	435
89	489
216	460
214	312
373	524
210	243
335	196
301	144
355	278
250	165
181	213
134	184
293	403
287	140
188	520
392	468
164	394
281	388
178	355
210	163
429	100
250	128
335	211
176	522
292	248
376	228
340	523
302	283
226	354
289	121
263	74
322	233
505	304
231	497
299	115
94	105
284	136
477	131
303	426
300	364
261	313
234	237
292	431
187	426
445	272
333	27
439	220
293	353
316	115
419	102
309	372
277	297
218	385
362	514
318	210
380	133
293	503
183	261
286	284
142	158
264	377
410	339
321	185
121	296
302	218
302	437
259	258
296	78
178	460
391	241
291	325
325	331
330	564
223	242
212	454
273	132
302	72
270	333
159	555
273	258
170	174
352	55
219	471
152	237
204	359
441	383
247	313
436	295
494	316
226	16
66	272
261	334
239	431
66	279
175	187
417	222
317	240
300	130
330	475
301	27
287	316
287	63
260	523
66	381
123	151
337	199
315	386
314	122
288	338
288	225
280	194
344	139
189	204
331	264
408	329
279	92
362	238
350	95
269	328
321	463
189	370
370	404
301	483
127	408
513	253
97	301
334	147
284	263
429	488
268	538
199	255
239	120
410	255
231	341
381	439
296	449
383	132
308	366
274	394
428	475
358	348
289	97
513	444
245	483
326	342
288	396
181	304
541	272
294	178
361	127
232	125
304	158
309	514
405	115
282	113
207	531
333	226
479	196
257	211
308	312
277	309
271	509
193	347
507	472
278	240
334	303
403	26
302	597
139	288
370	31
559	329
343	419
282	378
314	465
458	268
142	420
268	137
351	387
289	253
294	17
309	211
152	310
300	478
240	43
164	384
224	395
317	245
245	226
293	212
281	268
123	265
230	151
242	302
313	590
501	134
255	66
253	188
453	236
277	376
475	321
344	523
185	289
303	229
127	298
479	521
300	80
297	44
186	525
489	356
265	389
260	198
467	389
140	497
384	129
402	410
454	305
89	191
212	286
142	291
311	384
266	165
254	361
238	186
441	102
554	319
286	51
406	411
300	326
292	141
399	219
295	22
236	551
416	348
191	193
56	370
170	325
300	184
250	217
265	17
337	434
304	209
205	72
276	120
311	554
533	274
303	140
268	464
277	32
246	494
267	457
357	143
436	268
316	38
339	222
497	492
301	542
186	395
157	458
353	443
230	110
451	355
361	390
313	397
303	202
300	257
376	376
298	183
325	215
279	104
309	502
288	27
495	343
167	283
304	492
236	329
254	326
239	55
425	567
334	132
299	86
282	170
300	282
345	481
276	322
216	223
566	200
258	507
295	501
300	52
203	351
251	146
307	515
437	283
287	494
299	142
287	430
292	547
257	155
278	91
277	267
300	542
480	319
246	254
82	404
231	231
380	253
430	281
417	239
259	538
445	477
313	165
317	413
464	312
240	207
211	461
428	367
287	181
432	188
219	528
237	174
309	443
105	417
362	540
332	584
499	316
338	287
461	108
401	147
295	384
370	380
335	432
171	431
184	157
363	242
334	127
396	445
275	457
334	190
136	322
301	189
223	491
79	404
183	429
302	499
202	375
411	233
316	105
353	552
510	458
267	467
58	317
379	454
309	549
147	235
132	494
286	501
315	367
364	165
303	269
228	390
255	245
482	299
266	379
231	560
298	505
300	512
231	76
253	287
360	191
383	425
67	367
343	249
530	298
301	224
336	116
403	423
409	328
513	204
175	198
253	99
296	151
416	384
351	40
219	332
99	161
363	134
332	387
292	305
114	228
455	168
304	391
307	321
205	361
166	341
252	138
256	76
268	486
312	71
284	323
305	495
300	563
178	157
318	569
315	3
311	231
317	210
231	274
308	38
220	465
106	254
289	457
298	522
332	198
238	414
204	76
271	301
219	423
369	197
137	379
398	539
443	280
234	354
557	296
283	112
272	472
215	204
299	216
261	142
359	209
468	356
325	512
329	40
312	236
415	566
305	55
299	371
344	303
262	479
411	175
276	216
302	234
187	413
188	340
318	113
222	168
289	47
290	264
217	247
251	573
397	514
122	450
235	306
300	100
328	295
392	318
272	288
383	254
321	367
285	253
302	321
506	226
133	206
170	298
320	295
232	248
292	248
237	325
406	398
261	359
355	507
227	440
273	177
103	156
515	349
218	332
569	347
275	415
249	345
346	488
59	339
338	282
310	437
281	341
504	219
567	301
55	187
326	172
200	289
299	472
559	264
507	349
231	406
323	123
425	175
299	321
285	7
481	300
342	119
258	435
403	318
251	223
150	354
252	413
401	244
289	119
424	549
294	475
277	166
265	9
246	574
284	421
248	498
307	335
316	139
474	393
442	227
403	190
188	415
324	392
281	370
364	537
486	242
234	302
138	290
533	431
364	311
303	500
201	453
118	284
293	74
339	207
523	216
192	374
228	265
461	153
86	325
294	534
477	264
449	300
269	115
401	456
293	206
297	234
509	391
300	363
307	300
114	232
290	403
215	130
242	283
310	245
225	115
427	480
247	300
188	326
283	101
274	472
232	193
310	242
332	29
482	244
175	233
204	441
312	242
248	173
262	263
357	151
451	180
246	591
342	16
431	286
362	523
299	111
349	259
45	251
283	129
518	303
300	384
305	249
297	331
323	241
291	204
339	458
306	457
317	305
319	27
339	393
320	344
200	324
300	502
290	457
137	445
379	282
331	379
393	143
422	194
300	139
307	521
422	191
288	243
523	240
388	133
312	69
244	183
304	258
281	297
280	205
335	453
299	298
279	249
473	313
245	275
313	384
346	405
224	81
480	326
282	338
326	513
358	305
359	173
271	137
228	550
251	117
264	272
351	496
307	286
322	421
443	531
471	136
422	257
300	128
405	437
371	490
22	355
317	408
423	313
265	489
386	291
321	232
258	300
239	438
437	430
341	363
305	214
219	338
300	562
401	388
244	541
303	233
170	261
178	528
148	351