180 111
43 381
171 311
360 228
19 309
214 300
94 282
281 71
234 215
114 340
303 80
56 138
376 315
163 321
78 219
52 189
224 244
323 311
335 170
305 362
230 107
60 183
342 325
209 166
223 181
155 330
75 333
329 175
277 353
238 146
87 175
226 365
1 264
278 301
85 15
101 98
350 109
374 163
257 47
125 396
348 93
1 85
92 135
376 112
347 14
223 78
245 284
6 318
75 305
392 355
337 379
120 241
34 225
343 196
387 364
66 301
389 274
279 315
100 33
296 145
236 133
249 265
44 374
276 101
114 385
252 205
310 128
350 10
275 313
99 238
80 16
306 206
300 218
18 318
312 159
45 23
110 138
337 295
63 225
176 229
43 380
7 175
345 292
91 306
119 169
239 357
395 47
274 147
39 390
118 323
235 325
123 293
197 99
298 396
323 257
110 146
105 55
156 348
382 90
51 332